0.3646780444444445
0.5348192045454545
0.5480282928571428
0.24170147000000003
0.3430731136363638
0.29407954000000003
0.508700631111111
0.39761142
0.4427167395833333
0.4005706242857142
0.469004996875
0.43177439548387103
0.4758945019718309
0.3709742967741935
0.17499758599999998
0.56132247
0.5760468669230769
0.27305935259259256
0.3297113229032258
0.5052413515789475
0.3635228568750001
0.2424723472727273
0.36836011617021275
0.43045909392857146
0.37586842906976736
0.20204581583333328
0.353108023
0.47969297333333333
0.4544238761111111
0.8146732
0.409487095
0.43642755263157906
0.38091268
0.48734129349999994
0.487571145892857
0.3822576016666666
0.4090605033333333
0.43745867000000005
0.433912675
0.5978122515384616
0.3498121886666667
0.27368425062499996
0.5006640038461538
0.28615562
0.38621287943262494
0.41853817882352934
0.4897020625
0.45995160153846165
0.28027682000000004
0.1169108775
0.37302705531249997
0.359288721
0.46124098399999997
0.5053201882608697
0.45794093500000005
0.3224996242857143
0.40444443413043474
0.24581285109090914
0.38907753953488367
0.479710061764706
0.32616752782608693
0.32021773
0.246554472
0.550308991
0.5339770675000001
0.29711998
0.46953118
0.2173494323913044
0.20349397100000002
0.4296953011111111
0.3739218316071428
0.4198931769696969
0.40359994594594595
0.29504388
0.4409672728571428
0.5101359447499999
0.5321131439473683
0.39201679076923074
0.3437837275
0.33144318666666667
0.456028635
0.5116053023529412
0.49549967307692316
0.4379821656976747
0.6158447374999999
0.41264497391304344
0.4549666978947369
0.2575038860714286
0.39318647
0.5146611975000001
0.47475048
0.49168314
0.35801405217391313
0.36289774
0.4302995063636363
0.3106211290909091
0.48705382849999984
0.465202784054054
0.21993006238095236
0.5291965440909091
0.4668955848000001
0.33716079999999987
0.43249508
0.28758921666666665
0.3698070066666667
0.5600885033333334
0.31025147823529414
0.61901413
0.24136090399999993
0.34167217
0.5579635075
0.4276227284615385
0.3758728133333334
0.39088144799999996
0.3836388396875
0.4268930878000002
0.28572210750000004
0.5342785830769231
0.4540710233333334
0.4303088331578947
0.3495285408333333
0.4950697034374999
0.3421754610344827
0.3952023666666666
0.22632932111111112
0.33723988000000005
0.4663587847826086
0.3674553175
0.35216801372093015
0.3419743975
0.36121516266666664
0.15010666285714286
0.29663911506024093
0.4962095329032258
0.5214091802499999
0.41252510000000003
0.36029302684210535
0.5961552573684209
0.41818331923076923
0.294464186
0.55633742
0.40700066930232554
0.40909389
0.5500684
0.42216502352941176
0.49941081555555555
0.4273032410526316
0.5140981695238095
0.22423797696969694
0.33586416934210545
0.40767219961538453
0.2537689628571429
0.36600966214285713
0.48760373749999997
0.45484465999999996
0.27232037
0.3385513766666666
0.37170333
0.258964554
0.36981042
0.3340648792857142
0.45715117225225244
0.5419279337499999
0.29229621463768124
0.5293153118749999
0.19723972
0.14017027
0.324730800625
0.2960716566666666
0.41823394
0.29052541
0.6056274523076923
0.42803574322580645
0.5047619200000001
0.526308050857143
0.407063333076923
0.3853649637209303
0.539921993448276
0.18708395473684208
0.39606374
0.3326131893939393
0.5181273581786947
0.47095174787878796
0.25057416425
0.5944982933333333
0.30092054230769233
0.24662804875000002
0.5105334834782609
0.23632981333333336
0.5307882874358975
0.33586416934210545
0.18429255347826085
0.25713942409090906
0.2744481422727273
0.20456545043478258
0.33904891958333333
0.41320440588235297
0.21095063
0.47539163173913046
0.44278961079545454
0.4501401488679245
0.4459837451111114
0.34091113
0.5237668683333333
0.35184043348837213
0.49526652045454544
0.40034123857142856
0.32511244
0.5156997130769232
0.45503426999999996
0.3855419966818182
0.3173777637209302
0.4583373674193548
0.44064660927170923
0.4306558093333334
0.32174474
0.23423952450000043
0.5209426776470587
0.49284236200000003
0.27269461
0.24580792277777774
0.4220601100000001
0.14855757
0.41692297142857143
0.34439245
0.45058642
0.5663357081818181
0.543638305625
0.40289920227544895
0.42388222884615373
0.40579097910891077
0.4952605133333334
0.3997908338095238
0.37460288249999996
0.42200198533333333
0.298879942
0.4611106338636363
0.4246845005
0.44635199000000003
0.40243327
0.3722766926315789
0.447726946
0.19635585
0.28407302
0.38564671423076924
0.3532002741839757
0.5073690197959184
0.4016311106666666
0.5150002127586207
0.38361023186046495
0.48094887812500003
0.34802555083333336
0.436384554
0.3475613788372093
0.3782652900000001
0.46418268894736836
0.43939758
0.538988394117647
0.3353503979646018
0.4576624837499999
0.29087923545454547
0.36671647304347826
0.5837110852941175
0.16211490130434783
0.5569645238095238
0.34671259421686745
0.4290047
0.3430731136363638
0.2597881159090909
0.327270704
0.36217309181818186
0.518730825
0.3920657833333333
0.46975918382352944
0.4095215305882352
0.32990246
0.5824534585714286
0.4082104824999999
0.5346056
0.23188292846153846
0.49243570954545457
0.21819119666666667
0.4654688864705883
0.39621332733333336
0.5833709877272727
0.40333011933333346
0.3701824448275863
0.41581692135135134
0.43669593909090926
0.38916091558139543
0.17826273952380947
0.264270656
0.25220399304347824
0.42941778
0.40849937347826093
0.42415565566666674
0.27341808
0.5265705877777779
0.4764020233333333
0.3863056486956522
0.2132584
0.45635257976190474
0.6955192
0.466591954796748
0.45574002
0.35880099093749995
0.25647129583333333
0.23325012758620692
0.5819342895652173
0.52190836
0.36824539558139535
0.29307406
0.463585953076923
0.3838906882857144
0.537014848
0.3793727517857142
0.34507831837209296
0.39368381
0.4844283
0.37973892352112676
0.5435614290000002
0.3378356955555556
0.40504195000000004
0.5632104399999999
0.3538268555813955
0.61905569
0.299658415
0.30794422444444447
0.4182422084615384
0.33494362125000005
0.4262290720833333
0.34049448636363633
0.263010295
0.33586416934210545
0.3766894337499999
0.397575595
0.5915677530000001
0.4625314320588234
0.5422627204
0.635644631
0.54205993
0.4991502765517241
0.5614050315789472
0.49721367306772896
0.319217755
0.5079271155172415
0.42862985100000006
0.47720204621621637
0.46432771173913046
0.4893861636363635
0.4076544094117647
0.5080421528571428
0.13986382
0.3838363186440679
0.37380487999999995
0.41791146733333334
0.30895256562500006
0.4600065436585366
0.340824944375
0.168105245
0.5310651335714286
0.4854938468750001
0.46372116
0.5322946674999999
0.43060140254777074
0.45610121235294115
0.5511817243749999
0.57565634
0.29490833
0.51048118
0.4452690024242425
0.5709966577777776
0.20899825
0.5608367884615385
0.28280366
0.365405089
0.5897537786666668
0.5656518454545455
0.5837213088
0.28314903
0.40276633444444454
0.26022702
0.4383861660000001
0.24575532
0.3626437561538462
0.4928453374193548
0.421488938
0.399446481860465
0.541122001
0.3430731136363638
0.578221255
0.5422155166666667
0.508403415
0.486480840952381
0.35453867
0.50075756
0.37701544600000003
0.4977625761538461
0.3372225125
0.425431382
0.48351609818181807
0.41673147629629637
0.3613919563999998
0.3475193576
0.358755372
0.37497174813953493
0.331647884
0.30147201
0.4128911074999999
0.45054066047619057
0.43382972919999996
0.49826682681818185
0.47699461249999997
0.3430731136363638
0.20785082
0.417697074
0.47038897
0.129732066
0.43650539499999996
0.5021509461904763
0.3444816
0.5961845057142856
0.469006975
0.4694752256000001
0.3691010909523809
0.4433496825316453
0.48607793
0.44374385263157895
0.29056588
0.49660187344827594
0.271189298
0.4980240176470588
0.4690111886666667
0.5742841672222221
0.4368747423076923
0.4821871466666667
0.12291898347826086
0.5435015777419354
0.37869863999999986
0.15383935250000003
0.5161798495652173
0.4398645575
0.38356925999999997
0.38126765999999995
0.29963122
0.4546344359999999
0.32449165333333335
0.47765872
0.20237778058823527
0.424312355
0.4839636378787879
0.3634885527118646
0.44742929857142855
0.4435046523809523
0.39687841231884063
0.5208085349999999
0.41930816884615374
0.36441328290000025
0.38267442674418595
0.40930251
0.2709860402544882
0.58563586
0.3605681607142856
0.33586416934210545
0.5754611281818182
0.2989106477777777
0.5160053858823529
0.3650411137333332
0.5266746196000001
0.5214845611111112
0.475344899
0.58751028
0.323421535
0.46038324
0.5286636257692308
0.4425765858333334
0.15124982594594594
0.4644759793333334
0.26328203142857143
0.3530835128571429
0.47458003136986315
0.44100051647058824
0.4737506609090909
0.5671268117647059
0.2038801075
0.4886250097222222
0.18092392
0.5352052570588236
0.27233523629370615
0.33826692146341475
0.36546105
0.28866558
0.16153887
0.37969588880000005
0.4850624192857144
0.5800767523076923
0.33586416934210545
0.5011503888888889
0.45590803930232565
0.4894121164583333
0.3613919563999998
0.6007294633333333
0.5332898527272727
0.43972803593749993
0.38400781142857143
0.3119878156410256
0.47446792631578955
0.49246608263157904
0.4679763636
0.4109202596116504
0.36442952195652184
0.4560973556249999
0.14616939333333334
0.115656475
0.29082238086956524
0.5021226127272728
0.4128988645454546
0.47955748285714284
0.40235405636363636
0.47923962857142866
0.4534610106896552
0.545909135909091
0.46806051700000006
0.4918677433333334
0.48143351676470586
0.476296815
0.3670987425806451
0.237219295
0.46697216882352943
0.4956804828125
0.30987386
0.5376220981081081
0.32090693
0.4559500116129031
0.4296208741176471
0.5441170564705882
0.5629061971428571
0.23648093428571426
0.20551094483870966
0.5153636166666667
0.32056742111111114
0.40404801192307704
0.5031347377777778
0.4743230269491524
0.4247171032352942
0.362259075
0.42510465
0.2780616175
0.20132861000000002
0.5014362708695653
0.38436436414634145
0.19037746385542162
0.33723195
0.4541399026470589
0.10573998254310348
0.27465814347826084
0.43339324999999995
0.4430042605000001
0.319021918
0.80007417
0.4855402198437499
0.26554849
0.48825199777777784
0.38608487956521736
0.50980507
0.5794748553846153
0.43244526999999994
0.374726731
0.4015102983333334
0.31738828
0.15276706
0.3154647986363636
0.4383635463157895
0.4679290716666666
0.45133210833333315
0.31334667
0.32433511070707066
0.47643481800000004
0.5772378726315789
0.3607687241884822
0.5441073918749999
0.3849433585365853
0.5413869792592592
0.52914625
0.550807870967742
0.5062457334999999
0.36707131271186444
0.15521582
0.38376819909090903
0.5230097426666667
0.37282413153846156
0.5655444136666665
0.32549041
0.34957815
0.3731643206976744
0.2515650585
0.551038
0.24066147
0.33649392523809524
0.42813125
0.4691379990909091
0.480326885
0.4131689933333333
0.12483156
0.41735480599999997
0.43859602473684206
0.40648517052631583
0.3613919563999998
0.46720560725000004
0.308599795
0.4584229187500001
0.49432409956521733
0.45146521285714286
0.3023496327419354
0.4811774561290323
0.40907205987500006
0.4281159876470588
0.32184976600000004
0.4974608872093024
0.524470464
0.35655855290322575
0.4792669681250001
0.471385776923077
0.4598486018181818
0.2740717018461538
0.4932588084
0.5083552095348837
0.414333445172414
0.5320253357142858
0.3971513749999999
0.54182299
0.5127660147368421
0.2841826093333334
0.22476538399999998
0.28110912800000004
0.4714997399999999
0.33344779
0.37119057846153847
0.205136084
0.44702308500000004
0.549520454897959
0.3208879242857143
0.19614736888888887
0.4458130562745098
0.6359766089999999
0.4452385807692308
0.378520348
0.33080572
0.25093945230769227
0.55567248
0.4435115806896551
0.09046085
0.5428719223999999
0.4526612666666667
0.44190862000000003
0.4373631272727272
0.515426277
0.5313060383333332
0.31401424666666666
0.33737020285714286
0.97214584
0.44623193
0.319599995
0.20789601153846154
0.34999823399999996
0.52164374
0.22689320600000001
0.37689620117647055
0.4323710470967741
0.36313558488372094
0.3830337227777777
0.27214981392857146
0.3654189743113774
0.4776239634782609
0.46687333458333335
0.37257718
0.2274314304651163
0.4743804428571428
0.27749606888888884
0.22036639
0.45511103555555565
0.22496998399999998
0.5226527395555555
0.4204392644444444
0.2904584015384616
0.4528060466666667
0.3158623195454545
0.24647859
0.46731138959999996
0.34521836310344817
0.3764212206666666
0.2437659212000001
0.47523384
0.39126655
0.45683614666666666
0.5085369852380952
0.492703707
0.37425033333333335
0.5240327883333333
0.46303800428571423
0.40775733
0.282676872
0.49296291761904776
0.573193215
0.5163964254054054
0.42294991226666684
0.2227891211111111
0.5614132742857143
0.260678469516129
0.30677422
0.24345072062499998
0.38482086555555534
0.2303983681818182
0.168193772
0.20511806
0.22192652
0.4438328257142856
0.31703522
0.42881526277777776
0.5294624293103447
0.35660019
0.3750106244999999
0.30499345446511655
0.33855847447368426
0.3653405108333334
0.47231325973054017
0.17488418066666667
0.4895973379761904
0.27690351717948725
0.5258461099999999
0.48003145615384624
0.5432085860714286
0.4081212338095238
0.480129924
0.42937551846153854
0.37883285454545457
0.5133035817307693
0.20142776199999995
0.45099532555555566
0.36849984750000003
0.4908287672727273
0.5211348831818181
0.6575746036842104
0.5623752875
0.37395208444444444
0.70967256
0.5085477754545454
0.347094076
0.5720368783333334
0.48348299202898565
0.3023979375
0.26477899666666666
0.25089864
0.403830263939394
0.4287002033333333
0.44394479365853656
0.5034383820000001
0.48702989476190484
0.3997249565789473
0.47817847999999996
0.3984037133333334
0.4286991581395349
0.34032311666666665
0.39945757325581394
0.33306034
0.361555834883721
0.4599588072222222
0.48212641318840593
0.3030774992307692
0.5131401367391303
0.533274004
0.3430731136363638
0.21676566857142854
0.2485157957142857
0.41352409
0.19271444964285714
0.1831254496153846
0.3950684302702703
0.4544090143859648
0.4534610106896552
0.4834910375
0.2661603484615385
0.45062202933333334
0.3544644776744186
0.5502204125
0.272212624117647
0.5626422963636363
0.4066886706666667
0.3913507333333333
0.5296423146666666
0.5024927499999999
0.27827479064516136
0.33820605
0.4574047747058823
0.18988701846153846
0.22995835
0.28391813
0.14171570095238092
0.3319490403448277
0.3609500054545455
0.3565202312068964
0.25536252000000004
0.48902873874999997
0.3138302172386587
0.1613856605333333
0.49100764420000004
0.2153016406521738
0.35504249465116267
0.4199406078571429
0.4459837451111114
0.44117898733333333
0.36217478923076923
0.4327780085
0.1964251225
0.40883443903225813
0.37775242966666667
0.41470463714285716
0.43360924470588236
0.50886679
0.5754611281818182
0.39419764649122807
0.1872474
0.5340471163157894
0.35088674645161305
0.27818637
0.3253506927272727
0.12339644666666666
0.2891183875
0.5177660581818182
0.5422092
0.21685107
0.4157488057692308
0.2769426891525424
0.5656827080000001
0.48617279366666655
0.3589344244444444
0.5247969806666667
0.601295463125
0.31604784517241374
0.3141518352941176
0.36902029199999997
0.3179946809090909
0.1787265
0.270974432
0.4667909670212767
0.21425260137931035
0.482229930909091
0.19633685
0.2877104108333333
0.19825999500000002
0.21415828333333334
0.31614464666666664
0.349928985
0.48212641318840593
0.4754443286956522
0.38851123300000007
0.36458224116279064
0.7188195755555555
0.38492666772727274
0.4020543525688073
0.3584011741666668
0.21452
0.44171093999999994
0.3366400455555556
0.4680727711904763
0.36676541465116286
0.2240849525
0.12900313041666667
0.361773546875
0.5594699835714285
0.34988287348837205
0.5103483545833335
0.7591119714285713
0.4663260463636364
0.35161537
0.3151309845977011
0.448296636
0.2381355548
0.5039054870967742
0.35796583900000006
0.4838974635648146
0.35466094440000007
0.4658569970588235
0.4581253275
0.305884666
0.516583117
0.4354082815384614
0.305029576
0.4698686975
0.3874348
0.5040537837500001
0.3844760230434782
0.27242124391304345
0.5102945064516128
0.45324089823529407
0.48824641830188703
0.3767589772222222
0.32217518
0.5706116280000001
0.35001386999999995
0.4565741118750001
0.512411598846154
0.529859550625
0.25762923
0.78385414
0.24343851
0.3272359696666666
0.2588352054545455
0.42971237353982267
0.3396661512
0.4431960215068494
0.253364544
0.20709014
0.417674486
0.3592914648898678
0.1201198058064516
0.43052454749999997
0.46521548000000007
0.352553484
0.27763330849999995
0.48700380678571437
0.41364323928571434
0.43592022909090905
0.27582507
0.339892628
0.6133621199999999
0.5035818627272727
0.44695837790697684
0.46247976652173917
0.389638688
0.3723384925
0.454970165882353
0.39065955181818185
0.47996278738636333
0.5430454267499998
0.5060269215000001
0.39195472000000003
0.52103226
0.41010253499999993
0.2920070925
0.4214693923529412
0.35211147
0.43651942860000004
0.4821645811111111
0.3351628283333333
0.4446350485106383
0.5696968130769231
0.4868154026829267
0.3923544623809524
0.22044134166666665
0.5375982156521738
0.5050639019999998
0.2909197985714286
0.50708846
0.46768134000000006
0.5062416072093024
0.15063248
0.4083730084388184
0.5680182288235295
0.41650369031250006
0.4511504912244897
0.554081439375
0.5400272106666667
0.31055407423728826
0.4435086233333334
0.4241931385714285
0.49768015708333335
0.4947489616666667
0.5028015536363636
0.37861540116279074
0.326619182
0.34448115805194823
0.45634067888888885
0.4434655567924528
0.4501855772727273
0.5261750358620689
0.42752679071428573
0.550309316
0.4501410764705882
0.3920243343137255
0.4004908202325581
0.4123022702631578
0.4079076975
0.7168515
0.45592757032258063
0.2831772683333333
0.5990052135294117
0.128457695
0.4215435108333334
0.30922494612903223
0.5130839858333334
0.402372458
0.28171132021582734
0.37375070023255813
0.23691965111111113
0.6672423510526314
0.543071731875
0.33586416934210545
0.37260388108108106
0.4946027158267718
0.5626422963636363
0.2948435557142857
0.33257844
0.3284244033333334
0.5109280191176468
0.5737675541666666
0.3879106732258065
0.5623792975
0.25348473499999996
0.41640271
0.33013062666666665
0.4402854314285714
0.11819405000000001
0.44427753696969696
0.4888712217857143
0.36891180125000006
0.434876921403509
0.5691894420000001
0.37215269230769227
0.4237800352941177
0.5911965125
0.3650411137333332
0.6101818894117647
0.5173645894444445
0.3139426858064517
0.5344954264705882
0.5723856156666668
0.5787614678260868
0.37143964
0.5196836194736842
0.496731703
0.4057309557142857
0.32901883666666665
0.46231542000000003
0.25101946999999997
0.43932373
0.5286695685714287
0.522596995882353
0.5839130675
0.17390728
0.5626422963636363
0.65884703
0.4528838807692308
0.41553591374999993
0.34074705000000005
0.3360415837349399
0.27698235822222217
0.13462424
0.42386679
0.5478852885714287
0.39139703666666664
0.4565443905084747
0.31232287777777784
0.4487500991666667
0.49888043052631587
0.280158858974359
0.387704685
0.5608306319999999
0.42687265333333335
0.25112035571428576
0.48120587950000004
0.5101957746153845
0.4669340775
0.36451277666666665
0.37207074037037036
0.37027091333333334
0.3202103428571427
0.5189514194444445
0.4641482466666667
0.32540178
0.3787486893333334
0.26287311
0.18901028
0.32683619407407416
0.539295354
0.4972093988235295
0.33420668000000003
0.5479397862962961
0.533296849
0.3522458857894737
0.447726946
0.3634885527118646
0.42180912775
0.3601946333333333
0.46763575999999996
0.3502985848387097
0.28339323
0.27396598833333335
0.31089199307692306
0.5001308492592592
0.5691894420000001
0.3363387542857143
0.42054319384615396
0.5201570736363637
0.4291397236956522
0.3474455775
0.5041257857575756
0.54476542
0.5120582920000001
0.5624075999999999
0.5352554209090908
0.244036314375
0.38334033714285715
0.262336898125
0.49034444
0.5026923406976743
0.31600903
0.5495745366666667
0.4541270865217392
0.42996562749999995
0.36243617480000007
0.32136793700000005
0.5327756751724136
0.13010816
0.33318198520000003
0.35897979
0.435894208
0.33586416934210545
0.5479997471428572
0.37441174
0.24808780038461536
0.4435408726086957
0.3809445
0.11799127914285716
0.390378552173913
0.44594386
0.26077825691489365
0.2157874
0.327198326875
0.28984178833333335
0.352158406
0.27605955
0.41568336724137933
0.46480273
0.3229886354054054
0.32813866551724147
0.5599641146153846
0.44161864320000005
0.37518857000000005
0.35936461
0.26931612
0.30997775166666663
0.40607728483870986
0.5243675495833333
0.4101497887012987
0.5086652190909091
0.34308909
0.26850409
0.46940308647058826
0.5026808723076923
0.45565139129032267
0.35191350545454547
0.31240592625
0.2234328128467154
0.5008323825
0.429039296744186
0.4351565520588235
0.39658310875
0.3761073205555555
0.5462900025
0.28858334136363645
0.3929075282758621
0.3279409
0.3724406837037037
0.6121716827272728
0.1773665316666667
0.65616208
0.30667788
0.29783387800000005
0.538905258
0.48030129
0.4359825044827586
0.4419848244444444
0.186314643
0.5268351413333333
0.42346960716666665
0.498840638
0.5195836564285715
0.5055229775000001
0.3568346123684211
0.26393462666666667
0.5187340800000002
0.29852754727272723
0.2996161371428571
0.5341611060000001
0.393029935
0.20181655666666667
0.4265388735146444
0.30542680307692316
0.40540358000000004
0.4050644842733188
0.37761873488372083
0.2904488475
0.23136875
0.48173138352941186
0.4498784693333333
0.4798909484374999
0.1635334
0.22091295829268293
0.24213591
0.18756742
0.63709329
0.5629681645454545
0.45703489120000007
0.10878817
0.30020682968749995
0.5237668683333333
0.2981259010880828
0.45321664681818175
0.38346511800000005
0.30925060363636364
0.5818913900000001
0.43749783415384613
0.42324211722222227
0.22691740333333332
0.22626640127659567
0.41662478454545454
0.14421112785714288
0.23397742875
0.23947185
0.5518977992727274
0.3066549287254903
0.485053615
0.6220612524324325
0.40177928821428566
0.3634885527118646
0.40882649907894725
0.46557604
0.49043321708333326
0.39122990333333335
0.2996325717307692
0.49663161771428554
0.31135657615384627
0.4935853032142857
0.3319452
0.4957371684615384
0.15261837
0.3456414172222223
0.4672082256250001
0.24285232149999997
0.590650656875
0.39727217
0.33586416934210545
0.13189127137931034
0.45280184200000007
0.39564656952380955
0.469755252
0.5219152142857142
0.32881090333333335
0.45332805315789476
0.4774666571428569
0.24511404865853648
0.41890067466666664
0.3882461316666666
0.5020419432558141
0.4808957970370371
0.28476441
0.3236877254545455
0.481505141153846
0.3511681704761904
0.5167757427272727
0.2281751283333333
0.46522238
0.5604555927272726
0.42787527040000006
0.4092880292857143
0.46514022703821606
0.3585806916666667
0.5190632942857141
0.45657300046511634
0.44367684397058804
0.49399695
0.39617635686274505
0.17162580666666663
0.5854696190909091
0.37637494883720934
0.19086966
0.2349960195238095
0.4064712004242423
0.10765568750000001
0.30593885736842097
0.2581031041666667
0.49499248275862073
0.4250176064705883
0.4020762685714286
0.3589821770588235
0.5043893055555555
0.3825158975
0.45806424380952376
0.5177384661538461
0.40752452499999997
0.7119932
0.5037911267741936
0.5414057474999999
0.5703023726470589
0.26942252
0.23337562062499997
0.2678131166666667
0.18677640499999998
0.18792157
0.5054158933333333
0.43126703
0.46913378448275866
0.3164032356862745
0.31873481409090904
0.45594564352941186
0.25537841076923073
0.28338087585365845
0.38342173307692307
0.21277117714285712
0.29724372476190475
0.5535273638095237
0.5628360385714285
0.5408918500000001
0.5049193585714287
0.5646198961538461
0.10796609761904762
0.20003277
0.41737875799999996
0.5174298758823529
0.38761209348837206
0.48625425999999994
0.3683428685714286
0.3952942867441861
0.21766175
0.35513939
0.5460450266666665
0.5721860243750001
0.35176696
0.42642952166666664
0.15340568
0.45331827274509806
0.38840539
0.49512379700000003
0.40784935
0.33036096
0.5640499383333333
0.49443969384615377
0.23913880299999998
0.44189995000000004
0.38025373520833333
0.468559584347826
0.3654024975
0.290153945
0.16186703514285716
0.46568969999999993
0.3452632171428571
0.2788939292857143
0.45531888000000004
0.31003603
0.36093322749999995
0.5425209379487177
0.5302752782758622
0.42722962631578953
0.5044004818518517
0.39149559
0.31071606714285716
0.3153431696774193
0.5161578283333332
0.4749624466666667
0.4419693222857143
0.2550789848780487
0.49150958210526313
0.28162044677419357
0.4418728342857142
0.4589619129999998
0.4511769499999999
0.4474128742857143
0.3634885527118646
0.3063735166666666
0.24801360443037973
0.5253455744736842
0.39360287659090926
0.4060325232283459
0.26077156918699185
0.54489688625
0.46313306
0.34989940499999994
0.5415245167647057
0.4774287400000001
0.5377978999999999
0.36162586625
0.26910511000000004
0.40903252421874997
0.3177168843055555
0.44209673400000005
0.4850362247826087
0.4652370796153847
0.469175382
0.45476123000000007
0.4905077392307693
0.369194825
0.45964173
0.5046421944000001
0.46010667636363656
0.23821062
0.30038216777777776
0.35405270571428565
0.24324976
0.412570953
0.4250985411864407
0.5139065669696969
0.41121324000000004
0.51321439
0.38001025071428574
0.60075114
0.09604727
0.5634944192
0.306365205
0.41472393555555553
0.5309114618666668
0.34251948956896555
0.14868530833333335
0.33686452
0.5421961785714287
0.14770789416666666
0.3613919563999998
0.6045530899999999
0.447589968918919
0.41738743727272726
0.5170108546153845
0.39629648500000003
0.5045130017857141
0.4059945
0.30626503359999996
0.501236378
0.5679119699999999
0.28053373882352944
0.32522073
0.5284871404347826
0.34267632
0.6239667711111112
0.4791339027272727
0.4102697012903226
0.216261065
0.39359649
0.4159908902380951
0.5609362723809523
0.36350569827586193
0.5046513610714284
0.3889184962162162
0.44298009176470593
0.47233634347826087
0.46268211020408173
0.98551095
0.2899694673809523
0.3466386057142858
0.44252932169811326
0.4656437466666667
0.6276192766666667
0.46650486280000014
0.28634513666666667
0.3730817183720931
0.19685669
0.4631341131578948
0.46305499533333333
0.4076389923809523
0.48025770812500007
0.5026938909803923
0.40963516600000005
0.4353699378571429
0.39736346624999996
0.5361446700000001
0.25026676999999997
0.33282567071428576
0.43491122692307693
0.4190515226666667
0.3602339903703704
0.315953482
0.4728539685185187
0.40502044
0.504158008076923
0.52947125
0.42592677549999997
0.40340010555555555
0.34003740666666676
0.15362275
0.20390937744680845
0.38552299193548395
0.4610389258064516
0.4721798510526317
0.3794586533333334
0.3345908276923077
0.43256680249999996
0.26564399794979077
0.44511951872611477
0.3386372630000001
0.38439864
0.45721792111111115
0.46433428058823517
0.4837881499999999
0.42623032
0.09058751749999999
0.4785233065217391
0.303033297121212
0.31108187130434783
0.3691622973913045
0.3833471359999998
0.24428455046511632
0.4264130186666666
0.4761721510714286
0.5137534273333333
0.52814214
0.4107254621875
0.44576767282051283
0.5027537346666666
0.56172406
0.14722884
0.31446183
0.36268307499999997
0.5910128275000001
0.38555699973684215
0.4070819678571429
0.27980889500000006
0.37994559023255803
0.362308819375
0.561622093076923
0.4291757673333333
0.32519635
0.22362896
0.4882621405555556
0.4807082838888889
0.3613919563999998
0.23446563639999998
0.37911513111111117
0.5092038662790699
0.48636134807692327
0.3740119532608697
0.3964172880000001
0.4258491342857143
0.44944824999999994
0.5311561344444444
0.443796166
0.5397420821052632
0.35660179
0.3846069019999999
0.5833714021428571
0.40789872187500004
0.542178016
0.38677605154929573
0.43490064948717955
0.3688439592771084
0.57031646
0.31697965333333333
0.3710479476744185
0.4936652754545456
0.4528501007407407
0.4295424507894736
0.19789236142857142
0.4571218808771928
0.39716681
0.4226584861111111
0.3605839416666666
0.42129096400000005
0.70923092
0.6129743379166666
0.50472762
0.3846273829032258
0.30341301
0.3738431711627908
0.42797317656250006
0.37128729790697673
0.33466765
0.291065695
0.5032387374999999
0.3955161833333334
0.37664209
0.181310244
0.3747305606976745
0.39159027
0.43492124155172407
0.25940121206896544
0.4700181218918919
0.25314805500000004
0.515153058
0.37678496
0.40334652291139256
0.46033188620689647
0.348531714117647
0.4774784785714286
0.23526745
0.417477413818182
0.484550369375
0.4282632333333333
0.579701885
0.43089351812500004
0.20946336153846154
0.3594906990697674
0.43917546981132083
0.33543980015151514
0.43646862846153844
0.4499012529999999
0.5661513634615386
0.2500961009090909
0.44476782125
0.544993058
0.533016537142857
0.42344176559999996
0.23098335
0.32509273
0.528546091
0.3860656500000002
0.3937934493023256
0.233632695
0.4010195413953488
0.4407631152727272
0.4419105651851852
0.35693481
0.333540016
0.27259813166666663
0.23686603625
0.36486723272727273
0.39562284375000006
0.4793400243478261
0.490813806818182
0.4150766426315789
0.5614045285714286
0.17903460923076922
0.5866879391666667
0.46381402625000007
0.23330304999999998
0.39808564157894744
0.45134998000000004
0.4262586063636364
0.10675487
0.4510099342499999
0.12227531
0.4989122396296296
0.38730366093023266
0.20857611657142858
0.4898829107407408
0.5236257582608694
0.4137400104347826
0.25339508250000004
0.3953310297619049
0.26827901
0.5523612050000002
0.26673858375000004
0.11289509222222222
0.35755981774193546
0.5101206819999999
0.4865522652000001
0.36486375333333326
0.4389273721428571
0.29273886
0.2933465775
0.46600555090909096
0.36258399
0.21481075333333333
0.45099532555555566
0.597322046923077
0.35982327800000014
0.4939799223076923
0.31871206500000004
0.459853693125
0.5105440500000001
0.431522327368421
0.26606075144927543
0.29779117
0.348426837
0.35660642186046515
0.41506930823529414
0.5412937607692307
0.26707828288888885
0.2532342875
0.45703179457142856
0.3126471251851851
0.47446916090909086
0.2595256957142857
0.39141568750000005
0.37430237046511616
0.26042632
0.45495925941176474
0.5178809644444445
0.4367518166666668
0.34237667
0.39740749000000003
0.344645148
0.476679998
0.59494741
0.5933080233333333
0.51044871
0.5178210691666666
0.5581028166666667
0.48812117
0.27404096
0.1286615475
0.2650326575
0.551040388076923
0.5550112694230767
0.05267395
0.4758527024999999
0.54376931
0.5754611281818182
0.39297867106382983
0.3173837907142857
0.3236177962857143
0.30758452
0.15351639
0.2566048871428571
0.46952010857142856
0.4054879760714286
0.5037695146666668
0.54778591
0.32390748
0.36757498
0.5224475494117646
0.46149545749999993
0.4433596225714285
0.4968074668292683
0.5087043817857142
0.41937689666666667
0.4130669581818182
0.1502424
0.34494462242424245
0.38767077096774183
0.2784189903225806
0.3240203070588235
0.5567125546428573
0.37254650647058823
0.31915833
0.4556309257500001
0.35684453777777775
0.47937220066666664
0.21065551419354836
0.6241550963636364
0.31447482000000004
0.38333965269230774
0.3238058687179487
0.5169419224390244
0.4252240066666666
0.429285229484536
0.2891687316666667
0.3372521377777778
0.40864764187499997
0.4785319699999999
0.2509800266666667
0.43361015
0.462492505
0.1754186
0.4478993128571428
0.35094874
0.5340213219230769
0.2090319025
0.54794367434555
0.49078021135135147
0.4838488419999999
0.2830372666666667
0.2847228388235294
0.25361115461538464
0.43989524857142853
0.28346978378378385
0.41056558777777785
0.41317044071428566
0.26351136
0.3263196318867924
0.5323942075
0.3034795958139535
0.371269595
0.33586416934210545
0.15081734347826087
0.3328675733333333
0.41176528388888883
0.5137048733333333
0.30419485823529413
0.4957742329411765
0.29266662
0.28217734040000003
0.4773578683333333
0.491499345882353
0.47116291029411766
0.28888879246575333
0.22828678400000002
0.04321320499999999
0.546662906923077
0.28013683
0.36399411666666664
0.32097712642857135
0.617427031764706
0.3070274903448277
0.4361050996000001
0.402297962
0.45097922833333326
0.436519824893617
0.4878979238133348
0.25057316
0.43090892999999997
0.08029169
0.21708248
0.4460104936
0.32273683
0.45683790249999995
0.3467939527999999
0.5745592190000001
0.41455011
0.39814329833333334
0.6071485455555555
0.3762246888372093
0.6085573147222223
0.44953608250000004
0.4257604275
0.4475159431818182
0.4943404177777778
0.38630302285714285
0.19972348333333334
0.46853435631578944
0.32472445461538463
0.36792555111111114
0.39365050333333335
0.387324974375
0.5216086378048781
0.3706689674999999
0.5093976513999999
0.386114608
0.18980945642857142
0.088192715
0.3208476
0.5421054331818181
0.41257130894736843
0.18199866633802814
0.2277531110714286
0.515036571904762
0.30393637736842105
0.5333947379999999
0.34411497285714276
0.2093487775
0.60975381875
0.26194673285714287
0.20399772562015497
0.1899222
0.45403760868421045
0.27423797928571414
0.4785561973333333
0.3016456309090909
0.37532202977777784
0.5577042776923077
0.16183986333333333
0.5966028834210528
0.16690421428571428
0.30773029904761906
0.5165671983333335
0.49899933625000026
0.42627433150000005
0.21607362500000002
0.3662063218750001
0.26456158823529413
0.33882824000000006
0.5271182593023256
0.3487882979069767
0.4416857031578947
0.4982136064285715
0.2935550273684211
0.3694509100000001
0.69491426
0.36592275379310346
0.461035617
0.46793159551724134
0.30632876296296296
0.16973675444444444
0.3726819895
0.5474989459999999
0.47349181714285715
0.3851558775609756
0.23870538
0.3800650244186047
0.3319179886399998
0.4481476610714286
0.43474515427272736
0.43067819076923075
0.47470420500000005
0.5095279145454545
0.410064318
0.4018504847222222
0.4855158859803922
0.37112856999999994
0.22039840352941176
0.4705001064864865
0.49081730593749984
0.5791833589189189
0.5611946750000001
0.353493532
0.29549681
0.235154455
0.49791866
0.509715516
0.4501090916129032
0.4459842383333334
0.29785674333333334
0.57697857
0.53705674
0.29756759125000004
0.47169209375
0.24310601
0.34793239
0.2936500636144577
0.6574655118181819
0.3971425775
0.22001076354838708
0.488499801875
0.4633205483870968
0.3028666196551723
0.3857058976470588
0.49566689099999994
0.4239482045132745
0.5065191296666668
0.418473144074074
0.35680681999999997
0.29769913
0.5399796836000001
0.5702385748387095
0.28992543875
0.4952629113636364
0.5027678508108108
0.32586636200000013
0.26204004364016736
0.2723346357264958
0.38491435116279066
0.20934906090909092
0.4079365952173912
0.3737040642222223
0.37404985629629633
0.44295477000000005
0.37699404999999997
0.4582506676470589
0.3122973825
0.5783422866666666
0.6049078139130435
0.4106793168888888
0.4646975092307693
0.4560958342857143
0.47875788799999996
0.43669198617647054
0.4264698631428572
0.38809825785714275
0.44668320615384616
0.4706443974509805
0.15669860116666667
0.33226102333333335
0.4562142294444445
0.6631811299999999
0.2922045275
-0.02049816
0.23734353222222224
0.49976637818181824
0.20027365423076926
0.43800273157894737
0.4312942346067414
0.33586416934210545
0.4826645546153847
0.4920449403571428
0.28391071
0.19888206
0.27213356
0.40146369149999994
0.307358905
0.32630167285714284
0.2869492880000001
0.36782136
0.4899185000000001
0.4315408211764706
0.24298992677419348
0.4453146247368422
0.24212913
0.5783796605
0.14591535
0.43684417343750004
0.4061500790476191
0.4989240754285714
0.31417351
0.4842699827586206
0.1624291
0.48979644666666666
0.34102832371428565
0.45924802
0.46570331000000004
0.44489696960784314
0.27110987499999994
0.39674480463709666
0.40101731500000004
0.35735250042553196
0.49353042521739143
0.24562615614457822
0.4904296784615384
0.5150825364999999
0.5843768764285715
0.48998310631578934
0.3987274445454544
0.17675475318181819
0.37059263953488364
0.5261424379310345
0.37728289428571427
0.3650828525
0.4432371103174604
0.33586416934210545
0.3592583384444445
0.3986916994444444
0.4201947515384616
0.25626307791666664
0.52517344675
0.4438979442424241
0.5160894357142858
0.37303428666666666
0.32474321088435365
0.34944944
0.49895605888888894
0.240298072
0.37388240753246754
0.4093600948888889
0.46874342
0.18827479033333336
0.24944204125000002
0.4844193082352941
0.35847075363636366
0.43040222117647053
0.5158526665000001
0.25681
0.5483819550000001
0.3330883989221555
0.5044418248000001
0.3402470355000001
0.3757516732258063
0.38594435782608705
0.36994560930232556
0.29550103508771935
0.34488046875
0.3752025666666666
0.4737556417857144
0.36567490130434793
0.20704693
0.43675223787878786
0.37066682342105267
0.21028803
0.4642960636363637
0.45137881578947375
0.47012817083333336
0.15394310857142854
0.5019852665217391
0.5105440500000001
0.5360209541666667
0.51224035125
0.5089391457142857
0.38230513
0.5027822629629629
0.18470289
0.4234195915384615
0.24942555370370373
0.26387834296875
0.531225292
0.268187485
0.40910129647058835
0.49165829375000003
0.09332269
0.4811767542424242
0.4525813082352942
0.46204711333333326
0.42563132269230775
0.5377534128571427
0.6017640405263157
0.24420022599999996
0.3772362279069768
0.388009032
0.49985459058823534
0.21782330291666666
0.234832847037037
0.5626422963636363
0.47356194727272727
0.34410578499999994
0.4569426037142858
0.5257948973214285
0.5109449743750001
0.35602374999999997
0.44817350679999995
0.5761742420000001
0.510322722
0.24476503205882338
0.4413575725454547
0.3834802452777779
0.47057209519999993
0.35459977
0.23022055282051282
0.288302734
0.4654036385714286
0.182514642
0.5723336610714285
0.3954614675
0.3704043282222223
0.5368614691428573
0.4206944004878049
0.4220309382608697
0.42398391
0.31733232
0.5479997471428572
0.43617062000000006
0.24966966333333337
0.48235971916666665
0.45357776000000016
0.5933148992857145
0.2558377316
0.31667627
0.6313696838461538
0.49917671677419356
0.4758044126666666
0.4206313032
0.3006018
0.23702283666666668
0.45087357764705893
0.5588756733333331
0.4711557255882353
0.34448115805194823
0.4477390800000001
0.5573371820000002
0.4080508821621622
0.5132828507692306
0.3857437855555556
0.2797782080769231
0.34448115805194823
0.17122653
0.28220672
0.4422690309090909
0.33795486249999995
0.25579464785714284
0.3473377652380953
0.25520255228571437
0.23213127333333336
0.4031241990909091
0.44815719185185193
0.5201584978947368
0.5743614853846153
0.47640394058823526
0.4791820419230769
0.49203918550000003
0.351327975
0.31531663
0.28366243631578947
0.5045717439999999
0.23877741772727282
0.4858522696774194
0.33546176682008405
0.37806419162790683
0.3776371637209302
0.4488039884999999
0.16914455
0.5375645576470588
0.30050494899999997
0.24588276
0.5651436491666665
0.4447178753846154
0.58114895
0.5996012076666666
0.28902571750000006
0.45950221333333335
0.3906110702564103
0.20039782699999995
0.3639935427272727
0.352744235
0.3611282315384615
0.45381430960784314
0.2939197776470588
0.21631238156249993
0.4350841833333333
0.2858744913953488
0.42124053275362305
0.60859633625
0.22820848
0.48404851968749996
0.5664982599999999
0.205957695
0.23542180920000003
0.39927592307692295
0.6115853483333333
0.36041347
0.4439679361290324
0.258182176
0.538852287
0.4839740083333333
0.2760762391666667
0.2822576844444445
0.3919239374468087
0.49229242749999985
0.27389552500000003
0.5500942623076923
0.3327903071428572
0.4423504864705882
0.6154150415789476
0.27364483
0.42204900512820515
0.2728349846363637
0.38204610162790703
0.313162146969697
0.43476508799999997
0.49582156379310355
0.46218138910714274
0.40054399
0.35612981499999996
0.4492429557142857
0.4155634929411765
0.23828260333333337
0.5178463919999999
0.5117086016326532
0.38201622441176464
0.42462443562499996
0.3321320258333333
0.41343423647058813
0.46425181693877554
0.45876053289473684
0.3430731136363638
0.37188575111111116
0.5761742420000001
0.5138079122222222
0.4610913710526317
0.5181779104761906
0.235750805
0.4130313359374999
0.540639719047619
0.3443217433333333
0.4779805057142857
0.3430731136363638
0.5017304770967742
0.46164859499999994
0.5962690604347827
0.33132442
0.3516176380851064
0.4791958297727272
0.590234207037037
0.40622619062500004
0.579609
0.42414930437500004
0.45520624666666665
0.24605378956521742
0.3022507792307692
0.194217835
0.45288045
0.30969495758620685
0.47704400214285714
0.5220333058823529
0.2968101194560671
0.5868751125806453
0.34693341222222224
0.5348821976190477
0.24122624115384614
0.27938977
0.44729402333333335
0.6120896566666666
0.46686773
0.308618322
0.3540368790909091
0.4309942898387101
0.4350003910526315
0.47954187500000006
0.21056845
0.33835565333333334
0.58915714
0.46553960852941173
0.26113424
0.33586416934210545
0.3049828325
0.40034372500000004
0.42569395399999993
0.46287553088495553
0.5070440581818182
0.3710726973913044
0.44857532166666675
0.4767927130681819
0.22785263
0.359091305
0.44788632
0.42884546793103456
0.5149069925
0.45739643
0.5575884166666666
0.36832863625
0.35810555739130445
0.16320207285714286
0.2665271771428571
0.33674305000000004
0.69077923
0.39288263125000006
0.3919884451515152
0.45288773658227827
0.32085837523809524
0.24165446133333332
0.38398646627906985
0.2924599466666667
0.45390075181818174
0.22141001999999999
0.23003835633333333
0.48597446666666677
0.46622924236842106
0.41121324000000004
0.60766591
0.4238031942857143
0.4301227369999999
0.41200019612903227
0.3694729218749998
0.19039266249999998
0.45254359866666666
0.3973503694444444
0.48769007999999997
0.3250141809090909
0.5615161225
0.389315382
0.34744408750000005
0.22105755263157897
0.34448115805194823
0.4158045148275862
0.5715650090000001
0.34499193454545457
0.38026602759999995
0.5733938214285715
0.4895003657894737
0.4459837451111114
0.4300302029166667
0.29158075200000005
0.2660194
0.49544743619047615
0.47114814596446736
0.25728525
0.5033687647619048
0.3929804033333334
0.1598556774074074
0.4304878400806456
0.5578225423529413
0.2709983254639175
0.5500585891666668
0.5250276704166666
0.40764285833333336
0.5446586292592591
0.3622317242857144
0.388477655
0.38964912999999995
0.518377956
0.45511103555555565
0.4964314968181819
0.410602642
0.3931129425
0.5772433723809522
0.4723799065217392
0.3955870574285714
0.4977337739215685
0.4425165413636363
0.47504444696969694
0.443387038
0.44189995000000004
0.46719324315789484
0.28875218333333336
0.28853141
0.4793333834426228
0.33875167750000007
0.29176740173913046
0.49267315999999994
0.3710975302777777
0.410851691981567
0.4809421833333334
0.39937804027777785
0.4243361611764706
0.44315217961538456
0.22702577972972976
0.3329754902499999
0.28835835875
0.49185418533333325
0.49618564137931037
0.535363112
0.424043442857143
0.4442723711111111
0.5201809687096776
0.4800187462337661
0.36180386697674427
0.43764316090909094
0.4109565512307692
0.2665016533333333
0.206563585
0.3914711275
0.3586716055555556
0.5002971255555556
0.39591657979999995
0.4964163893333334
0.5056430915384615
0.36113852162393173
0.42865805785714295
0.505519952368421
0.3810683876190477
0.32472293307692307
0.34797813
0.35657090046511625
0.605822364117647
0.4600754227941177
0.19176768375000003
0.3377632671428571
0.5305323051999999
0.29277504034482754
0.14810301
0.3134915468181818
0.31057950333333334
0.494280779
0.3910257582531189
0.459853693125
0.5177372400000001
0.4939799223076923
0.38993889466666676
0.46492779
0.26703625999999997
0.568347599090909
0.37784108499999974
0.3960612952941176
0.5489685463392858
0.1998053
0.49244894272727285
0.24923430972727267
0.26521751
0.3749367165957447
0.5573275622222224
0.44527912599999997
0.10845009250000001
0.29354645
0.4503483464864866
0.38134866083333335
0.5789915279999999
0.60908968
0.5322445444186047
0.5184304245454544
0.27108401
0.3276668685714285
0.38356639000000003
0.2618741561538461
0.206028798275862
0.21743566
0.4125878794871795
0.5785957133333333
0.49149786333333334
0.5039563817391306
0.4032312116666666
0.38594313666666674
0.270927282173913
0.509629695
0.4975474011688311
0.5592161741666667
0.23601584111111112
0.46728114
0.74049856
0.80597695
0.29362600588235305
0.34632549860465106
0.49605750400000004
0.5220457591304348
0.26355953615384614
0.4635498375
0.23343025333333334
0.490177366
0.33668793
0.4261475822222222
0.3093687108602151
0.4177977666666666
0.18158471739130433
0.4705744728571429
0.4511311156756757
0.3310669484
0.4988699954545454
0.46567251193548387
0.5393758100000001
0.6016948343333333
0.32661709687500007
0.38040354767441864
0.33169332450000005
0.26287737
0.3241154351851852
0.4967119188888889
0.17492867692307693
0.18110937333333332
0.2294016
0.49222407038461535
0.542308298
0.28783808
0.4267080935294118
0.4662745903846154
0.58958719
0.42377832312499997
0.41180098
0.47827623599999997
0.38104262999999994
0.3416114645833333
0.36078557999999994
0.34122713739130434
0.31605537600000005
0.5315278538095238
0.3722571047826087
0.470874032631579
0.5594966506666665
0.5159211602380951
0.45446772428571436
0.45991564
0.46596368121212123
0.3945036279411764
0.3011418115
0.4836496349999999
0.5385710404545455
0.28588810000000003
0.4863823027906978
0.4739104275000002
0.5702924470588235
0.515990756
0.2461499136842105
0.512353875925926
0.2904797604761905
0.3790469493023256
0.19259337008064528
0.4307751700000001
0.4863521006896552
0.1334653325
0.24169847
0.3999396953846154
0.46426824166666664
0.45670655454545456
0.24909627316239313
0.40386782799999993
0.4988463784615385
0.456608123125
0.140891505
0.3724160906060606
0.49290828999999997
0.2983409616666667
0.43397908533333346
0.39011318851063825
0.4492718423076923
0.36429014818181815
0.415601086388889
0.3361390727868852
0.4812135375
0.5619897608333334
0.4763457688888889
0.4726235587179487
0.45511103555555565
0.23181943071599997
0.34906815999999996
0.5251340699999999
0.46773077771428573
0.5100852114814813
0.284561815
0.4026361
0.1712011925
0.46206586279999995
0.4680727711904763
0.20626159375
0.21845176588235296
0.45597012712707136
0.37934962054054056
0.29227330833333337
0.32317293416666665
0.47377996000000006
0.44956719571428566
0.3413195742307693
0.23480502352941177
0.48648176888888883
0.6015406136842104
0.395292987467249
0.1964189412048192
0.449480755
0.520849305
0.55871882
0.5323227846874999
0.4421404083333333
0.5463462836666666
0.3456572925
0.17469151
0.20125549411764707
0.24724875333333338
0.361865757027027
0.41411732166666665
0.37438755416666675
0.5850626912903225
0.5008405146666667
0.273329055
0.39150191
0.28657538
0.5272827106451613
0.16532008038461543
0.4560840685185186
0.3389187931645571
0.37412010714285715
0.37217801125
0.417674486
0.36239624086956523
0.4918120945454547
0.2929270376470589
0.5711249728571429
0.43885202312500005
0.37957094
0.5396412687500001
0.5843370333333332
0.4941168888235293
0.2666110105714285
0.5227937770370371
0.3704656571052631
0.37474154000000004
0.22844601
0.38974749933333336
0.46380914913043486
0.53708313
0.13499419
0.32381779292207813
0.25847060136363637
0.278458141875
0.25347962
0.4563949136842106
0.3214460175
0.43462256
0.38502855272727277
0.43610958515151516
0.40094206199999993
0.5547110873333333
0.45321401
0.49207241849999994
0.37167789863636375
0.5538721447368422
0.2169193585185185
0.5119377644444446
0.5459994832432434
0.499886315
0.5536570821428572
0.388490266
0.33855847447368426
0.6083334120689655
0.4479379871428572
0.34039172142857144
0.5075492282352941
0.37135826354838714
0.17772219
0.46243493680000003
0.25001231411764707
0.4236905494318183
0.6512002225
0.5324236575000001
0.4071625593333333
0.7053235857142857
0.24234486
0.4538980504000001
0.4485984316666667
0.21604592
0.4452635524999999
0.5094983407627119
0.5718805600000001
0.34411497285714276
0.4419528742857143
0.48212641318840593
0.554108185
0.23836918
0.43365167125
0.44160420733333344
0.48964794000000006
0.03688282
0.18134206239999998
0.7137196
0.5437601341666666
0.42116151470588237
0.5735086385714286
0.254580515
0.46784848153846154
0.3749511814285714
0.36052780162162157
0.300432207804878
0.3626270532558139
0.41069379969696956
0.31193688
0.5269331490909092
0.26754294164179104
0.20979232
0.24010462
0.5259721585714285
0.83966814
0.397944718604651
0.40036354684210523
0.26585279
0.482229930909091
0.4934811063157894
0.42910980264150955
0.5119994855555556
0.5390594855555556
0.3659022491111111
0.5313468192857143
0.27425386569832416
0.4739295862499999
0.22511229111111108
0.26179302
0.3528299594545456
0.48745996380952383
0.45099532555555566
0.3947111678571429
0.4419105651851852
0.27674397666666667
0.17118861999999999
0.4688861961111112
0.3660479852631579
0.56784211
0.34448115805194823
0.5132773751999999
0.31368028
0.208552296
0.408724824
0.3438134359999999
0.45239974200000005
0.3641968041860465
0.42773301533333336
0.24403823226190496
0.22407158
0.3759238701754386
0.31775060507936503
0.24223133630769228
0.5625250850000001
0.4054486689473684
0.2497466046242772
0.4383175609090909
0.28550127296296296
0.1502424
0.6248712485714287
0.83218071
0.490020186
0.69725525
0.4951838103030302
0.41621627285714285
0.3615490580000001
0.41764775
0.47719722000000003
0.4643747792
0.2509633196153846
0.4004137226666667
0.34856529666666664
0.4943788509090909
0.4873923008333334
0.34040264
0.4202998923333335
0.33578346000000003
0.37710817750000003
0.16594586
0.2420200128571428
0.2543606647619048
0.5142148832075472
0.48310146125
0.4891139720370371
0.5583930959999999
0.5600461633333333
0.4737133597727272
0.430297155
0.3361061152173913
0.4856364192000001
0.4046791466666666
0.4278735288
0.3564455920689655
0.43473714484374987
0.5711143547619046
0.29827161449999995
0.41806535206896556
0.33201251
0.422734484375
0.5690978383333334
0.4945441654545455
0.42808313315789476
0.41712663999999994
0.526308050857143
0.3538857075
0.3115768742857143
0.5578756458974359
0.3264155456521739
0.325361195
0.4869912685714285
0.3008683655555556
0.5570629666666668
0.2346252252173913
0.37974756200000004
0.4680727711904763
0.5050847184
0.41794580599999986
0.2634430122222222
0.5377882965217391
0.4500243829999999
0.34738591460526314
0.29220128
0.3407565190243903
0.23975456547619048
0.42581035166666675
0.38603296044444463
0.41364413190476185
0.5112044921428572
0.35048738565217397
0.21363579
0.36584217
0.38459583391304336
0.4234863135714286
0.45160174
0.37238215535714275
0.37599430064705863
0.4715395072307692
0.20013295199999998
0.57711777
0.42560879999999995
0.28946743999999996
0.41973375391304374
0.5679450864705883
0.4503088827272727
0.3670365372093024
0.44886502076923074
0.4454625853333335
0.39215504999999995
0.48933116968749996
0.39416633
0.5073601824137931
0.38690182767441866
0.2606736622857142
0.3993174
0.14000891187499992
0.44979206
0.39068089999999994
0.292654910625
0.4012812778571428
0.3709889678160919
0.4307705137967913
0.324803865
0.4156900376470588
0.417570834
0.36839281
0.4470040966666667
0.36626823
0.283184335
0.32757779764705885
0.4065141660465117
0.3621231172727273
0.23350064
0.28088411571428573
0.3855788
0.261843194375
0.5815958855555554
0.5729381537037037
0.3230535969565216
0.3527484566666666
0.38267751
0.42968143
0.427076399047619
0.33607615826923065
0.4754593964
0.08990704
0.46385140124999996
0.4873092604878049
0.29814554000000004
0.51762738525
0.4595370078571429
0.5537919915789472
0.4318021214814815
0.2887604671428572
0.33642224
0.31748436333333335
0.5252195166666667
0.13563816846774188
0.4488208475
0.2801744090476191
0.526308050857143
0.4678288923529412
0.3026963116666666
0.11091063999999999
0.3073119125
0.3221552525
0.5151207166666666
0.2841464683333333
0.40737624636363634
0.81365868
0.3314620363636363
0.37179363074999994
0.43022228223529385
0.3010321575
0.47764383000000005
0.449531044
0.47614183086956524
0.194633526
0.107159435
0.3875015169767442
0.400622238888889
0.27740192
0.35414380666666667
0.5181507173333333
0.3767459768181819
0.486016922
0.362207394
0.38239172265822774
0.28486793125
0.3756506261224488
0.49660242260869575
0.3972160722727272
0.36876334882352946
0.5679830189473684
0.4412311942592592
0.5691894420000001
0.4347887033333333
0.4530548125
0.3424030289655172
0.377621483255814
0.41903185625000006
0.38056360285714286
0.33625981727272736
0.44474978249999997
0.4468092539285715
0.5536575523529412
0.29420916
0.23439972999999995
0.14681689
0.33855264125
0.22236843294117647
0.45127886500000003
0.18326554
0.39326300409090914
0.41141885000000006
0.5221728949180328
0.33825869166666667
0.5016132534482758
-0.006739
0.36767125
0.348093879
0.3416029176119403
0.5025284448717949
0.4268111250909093
0.486558155
0.420824468
0.4378099180952381
0.5931536993548387
0.49543204318181827
0.4471971884615385
0.3772540130769231
0.40381062953488384
0.49465839903225794
0.44172404
0.29508918
0.5183580534615385
0.45267394
0.4614014308333334
0.4182937746153846
0.16262305058823537
0.27083558482758624
0.41995100291666665
0.300597845882353
0.33149553687499994
0.3735602457575757
0.21098287222222226
0.44903962656250007
0.4831855985714286
0.3912778699999999
0.5900293502702703
0.30382740666666663
0.40499186307692303
0.63438663375
0.41628797448275856
0.4690266088461538
0.3618684868888889
0.26540957590909076
0.4306608457894737
0.5532622054166666
0.5366353300000001
0.31917526
0.42842704038461543
0.41743513
0.4828084760526316
0.4991043418181819
0.45344076923076926
0.5761742420000001
0.4243430930769231
0.48651654868421046
0.32437678285714283
0.43327652458333343
0.42926724113636355
0.5622077591666667
0.6874518762499999
0.5850204861904761
0.5060969438461538
0.47099072156250005
0.5041712040476192
0.4607169376315789
0.1665924391304348
0.318184988
0.75401507
0.4691926740404041
0.507081197
0.61838857375
0.5498868339130434
0.28235089729411766
0.20925387500000003
0.526308050857143
0.264215355882353
0.43520360473684216
0.36046337857142857
0.3183868397142857
0.5374744606976743
0.3154859523364485
0.4841356186206896
0.3703087766666667
0.38981585
0.21471267916666667
0.3485943655
0.40862205612903213
0.1471470730769231
0.3204668203703704
0.2398964584210526
0.18786042
0.5961510843750001
0.1751686325
0.42186845351351354
