0.78413085
0.82866774
0.95615048
0.26241741
0.9993723
0.72848348
0.88643363
0.39761142
0.61396128
0.76992313
0.92462789
0.89774236
0.97056013
0.62208233
0.21137908
0.56132247
0.69796372
0.6463677
0.56810691
0.76750283
0.63718904
0.30689105
0.79637429
0.80194989
0.82800949
0.36975665
0.63642904
0.72787765
0.7773639
0.8146732
0.42911774
0.72942102
0.47116638
0.81113219
0.95512721
0.54593555
0.97604075
0.73755274
0.76001179
0.84300419
0.54847347
0.49124411
0.74971823
0.28615562
0.7296609
0.57401281
0.69127894
0.7549609
0.45333984
0.23519832
0.69532091
0.45886212
0.55204998
0.99026593
0.4778722
0.73424589
0.83853811
0.70127853
0.79773789
0.67631248
0.43415776
0.32021773
0.30136552
0.90905534
0.93425497
0.35967499
0.46953118
0.89984724
0.29066115
0.98994498
0.78447355
0.9483649
0.97205421
0.29504388
0.73697089
0.84712712
0.8829202
0.66598409
0.6308434
0.3627713
0.73674171
0.70749048
0.94288992
0.77758946
0.94136886
0.93685083
0.74559508
0.53838361
0.79203158
0.85512898
0.47475048
0.49168314
0.69595199
0.36289774
0.87856607
0.77184847
0.89763977
0.6107715
0.35007308
0.76890555
0.80578004
0.57526523
0.43249508
0.29568253
0.38264886
0.83735027
0.558353
0.61901413
0.87454331
0.47646934
0.83735027
0.59372664
0.92625165
0.74410857
0.89785723
0.79279068
0.71790882
0.82495882
0.80578625
0.77902708
0.73287248
0.71883886
0.6907573
0.75579239
0.33930609
0.51234061
0.92401868
0.48931401
0.85291029
0.44184
0.77845221
0.17481689
0.62531377
0.80808356
0.81267993
0.72947432
0.63539941
0.88579887
0.53448999
0.36456584
0.55633742
0.80498394
0.40909389
0.5500684
0.55877424
0.80521639
0.77859115
0.7861547
0.29805781
0.84728641
0.9407882
0.28557481
0.72074103
0.79149995
0.61322392
0.40848201
0.41665986
0.37170333
0.28044353
0.39545416
0.56352281
0.69230858
0.79389083
0.48754149
0.78694768
0.19723972
0.14017027
0.52328315
0.31358258
0.42030106
0.29052541
0.89375581
0.75678471
0.87216057
0.9487991
0.75555071
0.80603723
0.76260474
0.36920067
0.39606374
0.63407032
0.80734646
0.68333868
0.88718102
0.93254673
0.6107832
0.32956914
0.75944958
0.39259914
0.94598008
0.84728641
0.46388975
0.4596998
0.46454365
0.33340803
0.51619287
0.64696344
0.21095063
0.64308468
0.57027634
0.89016673
0.87225148
0.34091113
0.78733018
0.83729966
0.7379099
0.7426464
0.69990003
0.72555189
0.75176483
0.70872125
0.52091428
0.68591321
0.84874808
0.90740087
0.41652984
0.69972971
0.90139644
0.74113657
0.27269461
0.41689835
0.79723507
0.14984427
0.9059781
0.39963119
0.78025451
0.80597704
0.72225978
0.74878792
0.89368611
0.79163612
0.88257302
0.81033461
0.51509514
0.60424733
0.3255091
0.78482532
0.52143892
0.63845552
0.41596654
0.65402015
0.701765
0.19635585
0.28407302
0.56320838
0.60119499
0.87779803
0.82194913
0.72746927
0.80741697
0.7677806
0.60746293
0.67321038
0.85409835
0.71417567
0.85712265
0.43939758
0.89191312
0.72385367
0.89994313
0.68462074
0.57514476
0.82533863
0.32383173
0.9636735
0.6462536
0.4290047
0.9993723
0.60617522
0.64778011
0.58203182
0.80447971
0.75948618
0.80318663
0.50025943
0.32990246
0.84927838
0.69068165
0.84887936
0.36004551
0.87256221
0.28220028
0.82658793
0.82931132
0.8700937
0.56620274
0.69741417
0.82950402
0.68760678
0.83686894
0.43163762
0.3882998
0.61132325
0.42941778
0.72252131
0.72990184
0.3785053
0.77098882
0.80220832
0.56094415
0.2132584
0.69851163
0.6955192
0.79317304
0.45574002
0.8109061
0.50064057
0.36249391
0.818604
0.83013067
0.82706536
0.29307406
0.81925224
0.98075201
0.81363582
0.79740168
0.76239149
0.39368381
0.4844283
0.67613447
0.92106415
0.79203158
0.68440649
0.68850323
0.80133457
0.61905569
0.30757376
0.47076373
0.62272807
0.46540855
0.6711824
0.870404
0.49107287
0.84728641
0.8870859
0.75767862
0.84414813
0.67841822
0.84428158
0.8413405
0.81104108
0.89636798
0.80023004
0.86997404
0.32763454
0.75407331
0.68824124
0.84132953
0.70980688
0.69272842
0.50116442
0.68406406
0.13986382
0.75123148
0.51369489
0.70919393
0.42338013
0.84959539
0.57047536
0.23837167
0.69917946
0.77206546
0.76855383
0.79087267
0.84686791
0.79016396
0.8801709
0.57565634
0.32874372
0.51048118
0.66715121
0.84765529
0.20899825
0.85645268
0.28280366
0.82305701
0.78512389
0.89663176
0.95461804
0.28314903
0.72956571
0.26022702
0.72427651
0.24575532
0.81069127
0.69414289
0.54027359
0.84128437
0.8352499
0.9993723
0.87547278
0.74108748
0.89576105
0.88634641
0.35453867
0.67300057
0.92917195
0.70593487
0.768667
0.78954417
0.69272842
0.83677069
0.85346556
0.66659627
0.59528199
0.83272381
0.47161425
0.30147201
0.7161192
0.77938529
0.76220728
0.83548766
0.80393426
0.9993723
0.23009525
0.70327785
0.47465919
0.39629644
0.4571868
0.7897715
0.3444816
0.95359946
0.58481776
0.84002434
0.52846116
0.79292187
0.7750146
0.77553511
0.29056588
0.86437539
0.34111239
0.69647683
0.86110605
0.89284484
0.68607496
0.75503234
0.27335488
0.81989539
0.80056221
0.31993777
0.93750983
0.82953131
0.64561129
0.834294
0.54161394
0.95676405
0.35671789
0.60854739
0.37188941
0.51961172
0.86391334
0.71183976
0.73697089
0.8789338
0.80485545
0.78632965
0.72846981
0.74120741
0.80399303
0.42966744
0.73082156
0.85923738
0.87208694
0.84728641
0.89918616
0.66177836
0.84854565
0.97404287
0.76312683
0.81776451
0.74732454
0.58751028
0.35829414
0.46038324
0.89924388
0.70452027
0.37159246
0.94071
0.56169038
0.52652708
0.85218267
0.74638895
0.75999196
0.8607412
0.59135249
0.94924803
0.18092392
0.88591514
0.77231085
0.62712855
0.36546105
0.28866558
0.16153887
0.80868914
0.76510537
0.87936969
0.84728641
0.79991922
0.90740087
0.75328263
0.85346556
0.78326968
0.712996
0.7613012
0.90760717
0.77281675
0.73797263
0.80839618
0.74760349
0.67654014
0.82126611
0.77420298
0.16630304
0.20056003
0.38729911
0.98170448
0.58970807
0.83273474
0.56726644
0.71703215
0.82427339
0.79149103
0.77098882
0.79764051
0.85709914
0.77414996
0.53554702
0.30156455
0.73396418
0.73904076
0.30987386
0.82880455
0.32090693
0.67027937
0.61939754
0.90906998
0.85195268
0.54610063
0.55777671
0.76589359
0.45825673
0.89715397
0.74331439
0.8033849
0.98265869
0.61025477
0.72381057
0.43818149
0.371667
0.65395905
0.79775942
0.56036094
0.33723195
0.89614506
0.86325594
0.46945943
0.63410229
0.68274448
0.41422043
0.80007417
0.7399765
0.26804159
0.78016188
0.79157636
0.72762122
0.78916753
0.69711943
0.50229721
0.55807078
0.31738828
0.15276706
0.50358162
0.79796941
0.68850883
0.77069047
0.31334667
0.70441124
0.93842378
0.92844323
0.73554452
0.85481336
0.71277495
0.88516447
0.52914625
0.94647362
0.79570292
0.92916755
0.27091998
0.81769905
0.81327332
0.71417567
0.81376163
0.32549041
0.49359265
0.82364974
0.49250292
0.74708728
0.24066147
0.77723012
0.42813125
0.84991393
0.70848467
0.80579407
0.19086838
0.73697089
0.71132928
0.70289185
0.85346556
0.70836872
0.37995876
0.95596484
0.95273204
0.87903805
0.57392945
0.66216401
0.66883497
0.69340835
0.42086165
0.85463151
0.78524657
0.78826618
0.76379489
0.65130379
0.77701651
0.43009404
0.84120373
0.94712636
0.69991966
0.91632899
0.91207247
0.84569185
0.98488915
0.51900703
0.25909617
0.74040622
0.81847514
0.33344779
0.561794
0.35976648
0.72003119
0.91240983
0.54311445
0.64391275
0.75446569
0.84512079
0.73125935
0.89581316
0.33080572
0.36375912
0.55567248
0.87586859
0.09046085
0.96986392
0.8152152
0.67026768
0.5333316
0.77371449
0.75534252
0.64970188
0.66463919
0.97214584
0.70692402
0.47874357
0.31187298
0.54066043
0.52164374
0.4464649
0.58571765
0.69129518
0.76128294
0.82888522
0.34904712
0.69535448
0.72203318
0.82427339
0.37257718
0.3457976
0.69703018
0.3341454
0.22036639
0.75990541
0.3098808
0.78801422
0.63341314
0.52376996
0.78583723
0.76843271
0.24647859
0.95681352
0.56800215
0.59871602
0.40630018
0.47523384
0.58230107
0.61122646
0.76502628
0.77353613
0.68374628
0.73750377
0.65378199
0.40775733
0.36343069
0.82396034
0.81169684
0.84425308
0.70105265
0.41353314
0.83724379
0.44160901
0.61461164
0.39424848
0.9287283
0.51479715
0.39478233
0.26802619
0.37439506
0.60427918
0.3669618
0.83306627
0.77013814
0.35660019
0.61115808
0.71912575
0.64859969
0.89045313
0.91343662
0.55437561
0.79561685
0.83298631
0.90887612
0.96577311
0.81477771
0.65319207
0.87834924
0.73356072
0.54635484
0.91032681
0.36073
0.87225148
0.55095553
0.72091384
0.66833716
0.84816015
0.84493087
0.59222489
0.70967256
0.79215595
0.60817979
0.83735027
0.71703215
0.60690337
0.32374372
0.25089864
0.82290917
0.76639056
0.6875794
0.79132742
0.79602317
0.51835936
0.70880791
0.83201052
0.77450354
0.47146146
0.83274732
0.5171292
0.76234493
0.77279354
0.70278577
0.46779897
0.78947847
0.85766716
0.9993723
0.43019204
0.70614832
0.41352409
0.27902165
0.23705225
0.86987623
0.69230858
0.82427339
0.90695401
0.62636114
0.64789835
0.81454853
0.83735027
0.55498902
0.80597704
0.64014955
0.49198246
0.91485478
0.95479807
0.42035307
0.33820605
0.76807037
0.22396747
0.31280158
0.28391813
0.29313307
0.54899933
0.52213796
0.64944483
0.34934091
0.69179315
0.66068245
0.42723816
0.92699596
0.52980051
0.85695464
0.48272504
0.87225148
0.83662954
0.76832963
0.91700276
0.2073015
0.80743226
0.60717512
0.80594246
0.75123062
0.50886679
0.89918616
0.81117637
0.1872474
0.77092392
0.71680208
0.58343928
0.47271768
0.13971786
0.57217427
0.77039697
0.5422092
0.21685107
0.74164721
0.56388322
0.80415841
0.71384192
0.87445601
0.72181951
0.80231764
0.59705816
0.53667214
0.72073704
0.61472187
0.26344055
0.34341902
0.93842378
0.41693808
0.74017626
0.19633685
0.81414219
0.20180638
0.42582402
0.37970312
0.51184963
0.70278577
0.6898699
0.77755468
0.75556779
0.87140965
0.59339643
0.76013492
0.57637635
0.22321235
0.66639617
0.48192288
0.90740087
0.81166944
0.30005509
0.56701497
0.75383761
0.87727026
0.85314015
0.85133899
0.87365865
0.63512239
0.35161537
0.65348607
0.81993432
0.7373856
0.79546107
0.49722525
0.88474512
0.61598796
0.74282939
0.7831334
0.60641275
0.80242803
0.73569325
0.32376567
0.66578332
0.62851784
0.75065544
0.59225396
0.46329679
0.78287013
0.75123062
0.75884529
0.67140781
0.37438381
0.72775373
0.41418135
0.73900729
0.85691271
0.76672604
0.25762923
0.78385414
0.36872762
0.47265127
0.4498793
0.93117288
0.55434344
0.75445608
0.40612313
0.20709014
0.70919393
0.68732569
0.57878697
0.66435256
0.90859079
0.62201496
0.39049122
0.74910909
0.7570629
0.60979168
0.27582507
0.43592059
0.87630932
0.69798042
0.63568487
0.670768
0.79219347
0.59446681
0.69031485
0.56443499
0.88621313
0.94145268
0.80512732
0.62105925
0.85759103
0.48728833
0.3245865
0.83918962
0.37116557
0.65764429
0.74739519
0.69553733
0.94010783
0.94077947
0.87781432
0.81965052
0.28292602
0.79293868
0.8607395
0.31314556
0.50708846
0.74391467
0.99588087
0.58838488
0.66929367
0.68939478
0.81012305
0.77420298
0.76961579
0.91489106
0.91160544
0.63987139
0.73697089
0.76208975
0.80030801
0.74439585
0.80018239
0.70415674
0.9993723
0.67617424
0.69699144
0.65660147
0.79051705
0.70926018
0.76764491
0.74606229
0.64571709
0.80430313
0.71241137
0.80554369
0.7168515
0.71188364
0.71808972
0.80922939
0.25368507
0.86731416
0.46596037
0.77506733
0.80930556
0.39757716
0.81720463
0.25755225
0.84816015
0.85481336
0.84728641
0.70212663
0.85918001
0.80597704
0.45299661
0.33257844
0.53248731
0.79794387
0.78916753
0.9336897
0.80133871
0.4299438
0.70919393
0.48642978
0.86035904
0.20971315
0.77315457
0.83387587
0.7751838
0.79967477
0.83772381
0.67294379
0.97241454
0.87504235
0.97404287
0.82620233
0.93452271
0.65147362
0.88646847
0.80434761
0.95826214
0.37143964
0.76304186
0.71099485
0.54854797
0.52550111
0.47443952
0.54474912
0.56260912
0.78495048
0.97609684
0.8807857
0.17390728
0.80597704
0.65884703
0.74118242
0.68539745
0.8974847
0.84820903
0.40411185
0.13462424
0.45499286
0.80051286
0.42820051
0.94934675
0.42301929
0.64315502
0.74955268
0.54612701
0.44306748
0.75898256
0.56443966
0.52401819
0.80889977
0.75412295
0.83819824
0.45403508
0.76029228
0.4244252
0.48089931
0.76929396
0.69487771
0.34520021
0.61116962
0.26287311
0.18901028
0.51836474
0.82285009
0.8635533
0.78786045
0.77366487
0.79995812
0.58265358
0.701765
0.71183976
0.64689105
0.37325093
0.90024045
0.72813178
0.28339323
0.3733258
0.47455544
0.82936577
0.83772381
0.72816072
0.58074611
0.86534863
0.70059709
0.61119015
0.91526305
0.54476542
0.84804844
0.86428137
0.78495048
0.60199711
0.74482675
0.69834162
0.49034444
0.81114333
0.31600903
0.73671837
0.77741394
0.592022
0.48557212
0.79203158
0.96620108
0.1920054
0.53497673
0.35897979
0.83505476
0.84728641
0.9032863
0.37441174
0.46010885
0.77369693
0.46074994
0.25188297
0.74995725
0.70649296
0.5855463
0.38636412
0.45482665
0.41577711
0.47052012
0.27605955
0.92054584
0.46480273
0.59894274
0.7415859
0.91198864
0.93695694
0.46738225
0.42634311
0.33446916
0.41109352
0.9776876
0.91531791
0.79334992
0.75516781
0.34308909
0.70942406
0.71833247
0.75675585
0.6788064
0.64761052
0.41151099
0.45665703
0.7629529
0.87632288
0.81499881
0.61826209
0.71928864
0.7057829
0.41767999
0.72231709
0.3279409
0.93569896
0.78925688
0.27179533
0.91233622
0.30667788
0.513616
0.71509222
0.79945167
0.91193223
0.80791323
0.23095785
0.82798926
0.58953601
0.90137975
0.96047496
0.75671854
0.59021318
0.62006239
0.8809236
0.47917335
0.48160358
0.77972768
0.4746188
0.21348812
0.73698761
0.58274038
0.60678145
0.90204867
0.58040726
0.38485084
0.23136875
0.68406406
0.701765
0.94768177
0.1635334
0.4549926
0.24213591
0.18756742
0.63709329
0.82076724
0.89784362
0.10878817
0.55810713
0.78733018
0.95380057
0.87934267
0.62182287
0.47491612
0.92891714
0.76058182
0.7134074
0.33515906
0.30657768
0.73504496
0.25855591
0.74245294
0.23947185
0.9630853
0.5706892
0.77553511
0.88501773
0.78335276
0.71183976
0.92607295
0.46557604
0.68695584
0.40821404
0.76419861
0.99865855
0.75438134
0.8904914
0.3319452
0.85762579
0.15261837
0.66089082
0.70542393
0.87641529
0.89763504
0.77737024
0.84728641
0.20830568
0.73175164
0.65356691
0.85101965
0.78632965
0.4135149
0.82602723
0.8927741
0.73526961
0.70919393
0.66075502
0.94712636
0.70054882
0.46192915
0.64799116
0.6870167
0.65398294
0.9517981
0.49490351
0.75280742
0.76019649
0.5814764
0.76140691
0.88476479
0.45609024
0.83142195
0.90740087
0.80088734
0.49399695
0.72270176
0.29232005
0.81116032
0.77359047
0.19086966
0.50740856
0.66722331
0.14650544
0.44013905
0.28502845
0.80066423
0.73942297
0.75838335
0.76084805
0.78765774
0.74153651
0.7845665
0.97106918
0.51573582
0.7119932
0.8858843
0.83782478
0.83863226
0.52771289
0.72393915
0.32137587
0.18959231
0.18792157
0.80659823
0.66116628
0.79254076
0.96198175
0.60479446
0.79005725
0.5479636
0.56241749
0.73685595
0.48948858
0.64893418
0.8603331
0.88233933
0.91541263
0.86453124
0.81703411
0.56127858
0.20003277
0.64143276
0.67568101
0.82114731
0.6789635
0.62197919
0.82904347
0.24866294
0.6354352
0.87944742
0.91231393
0.35176696
0.78878585
0.15340568
0.91795494
0.38840539
0.75065474
0.61878713
0.33036096
0.8177766
0.68232855
0.72118824
0.60926334
0.83556369
0.82650582
0.44032306
0.3169271
0.74940422
0.77445021
0.64904346
0.73794879
0.7076234
0.47702323
0.60482803
0.80023004
0.77708837
0.67079439
0.71836663
0.63809201
0.46644893
0.58628806
0.78945252
0.55285014
0.93979753
0.4289964
0.76227964
0.45688003
0.7143745
0.93280177
0.81484824
0.63556057
0.71183976
0.31486815
0.48287837
0.76061536
0.74405858
0.87788267
0.90496516
0.91845966
0.46313306
0.59902364
0.86541161
0.93842378
0.81400625
0.87599737
0.42357064
0.71412897
0.93859791
0.7522844
0.73343981
0.68597222
0.82698334
0.76003773
0.913411
0.39275519
0.75587265
0.76425592
0.78489092
0.23821062
0.65258882
0.84147838
0.24324976
0.89759463
0.74717229
0.95655591
0.7570629
0.51321439
0.72677648
0.60075114
0.09604727
0.75708651
0.32495947
0.9211977
0.77691858
0.54987798
0.25012708
0.58779727
0.78060796
0.67165977
0.85346556
0.92619711
0.74093226
0.70870059
0.77013814
0.62636503
0.83675751
0.42598121
0.55746176
0.76907198
0.62183563
0.50758082
0.32522073
0.79831307
0.34267632
0.78752049
0.77010385
0.54952199
0.76151965
0.39359649
0.75649645
0.98668362
0.87273611
0.71933661
0.77944714
0.74638895
0.74306312
0.7489292
0.98551095
0.4379686
0.84704135
0.66233307
0.78558831
0.97122303
0.97080608
0.34172125
0.77874476
0.19685669
0.81718879
0.69019476
0.54984356
0.89187353
0.84071262
0.74256849
0.80831123
0.58618375
0.83922964
0.26497807
0.6921708
0.83263883
0.70919393
0.52522157
0.42317682
0.79856608
0.40502044
0.77663662
0.52947125
0.58953601
0.7527346
0.67565005
0.15362275
0.29040723
0.69327886
0.69581716
0.71428343
0.5248131
0.61429149
0.8944893
0.69498868
0.86793231
0.53483347
0.38439864
0.72982864
0.82072294
0.67676266
0.42623032
0.20710365
0.73410092
0.56225335
0.61148068
0.83633045
0.80851088
0.44375377
0.84422713
0.83720088
0.73427677
0.83735027
0.91742755
0.97041096
0.84076333
0.86891787
0.14722884
0.39399209
0.5122991
0.88603964
0.68245536
0.75945979
0.4381637
0.81542393
0.51849574
0.81156436
0.55198384
0.32519635
0.22362896
0.84501098
0.67799474
0.85346556
0.41595545
0.75250626
0.94712636
0.71495402
0.81483196
0.71713526
0.62996862
0.70865541
0.79475908
0.7981834
0.82497317
0.56463808
0.6562296
0.89812978
0.89136969
0.95959929
0.92349597
0.97221003
0.67910854
0.72277093
0.38106235
0.88017161
0.72411318
0.70777464
0.79869571
0.30997448
0.71099999
0.39716681
0.72618988
0.51166328
0.59266494
0.70923092
0.84431954
0.50472762
0.67218426
0.41568254
0.8155684
0.81258136
0.81385004
0.33466765
0.34648934
0.79454896
0.62657406
0.37664209
0.39762792
0.83505165
0.39159027
0.86309678
0.64499179
0.78414519
0.30314755
0.87129678
0.37678496
0.63825912
0.76837167
0.73182324
0.68232855
0.23526745
0.91442236
0.82540446
0.63672085
0.90016794
0.79577147
0.39121065
0.8024063
0.89932161
0.81958751
0.86746717
0.7080985
0.83787912
0.51148108
0.57006524
0.96894527
0.8697929
0.84286011
0.23098335
0.32509273
0.90647705
0.92777634
0.81116376
0.24242039
0.82775304
0.69536235
0.7006104
0.35693481
0.52280422
0.33478869
0.36482631
0.7117325
0.66173656
0.79212669
0.92050213
0.71465492
0.97808037
0.25675458
0.88932434
0.71612986
0.27657981
0.54850581
0.75158387
0.7062591
0.10675487
0.93430256
0.12729834
0.92429945
0.81397012
0.39091437
0.85988721
0.86838528
0.87916635
0.38742757
0.79259529
0.26827901
0.84198596
0.41737541
0.13021046
0.60275558
0.74211274
0.71771556
0.76529884
0.73697089
0.60550976
0.42099018
0.79023243
0.36258399
0.38051668
0.87225148
1.0
0.72510377
0.68232855
0.41922805
0.69000436
0.65395905
0.77730329
0.64595056
0.29779117
0.48134362
0.75292105
0.52827258
0.76461113
0.41304672
0.27530707
0.79721532
0.55578837
0.92325856
0.57306115
0.8487832
0.79036066
0.27416549
0.76527657
0.61837994
0.59322858
0.34237667
0.5378277
0.65148326
0.65931392
0.59494741
0.81220382
0.79564203
0.87315806
0.95320038
0.48812117
0.27404096
0.23885352
0.48604673
0.79600249
0.91240983
0.05267395
0.84450571
0.54376931
0.89918616
0.81279547
0.47470576
0.78826407
0.30758452
0.17968221
0.80170641
0.92752885
0.89774236
0.7608977
0.87210856
0.38571438
0.49800811
0.85481336
0.80448762
0.69278828
0.82927713
0.86357526
0.42554852
0.5116748
0.1502424
0.96617489
0.6881266
0.60308743
0.76785309
0.91472057
0.74278287
0.44877354
0.7091471
0.83620096
0.73079341
0.34322213
0.82472201
0.32322472
0.61976413
0.5502912
0.81114333
0.77947278
0.68125294
0.44092118
0.4007249
0.72169642
0.73242681
0.407347
0.43361015
0.47736562
0.48810283
0.9597768
0.46797328
0.81827003
0.49687585
0.85148252
0.80299203
0.58901543
0.55723836
0.62909444
0.30547495
0.6964424
0.45851505
0.91576704
0.68024262
0.75162113
0.79574781
0.84550639
0.59358373
0.57678994
0.84728641
0.77140223
0.41571459
0.74638895
0.87424361
0.62728768
0.6743575
0.29266662
0.52697874
0.88815425
0.85403209
0.69176941
0.39893897
0.38193015
0.10514868
0.91732383
0.28013683
0.55590986
0.51366811
0.8732462
0.82283161
0.80162069
0.53942512
0.67888816
0.83059627
0.79859683
0.34598478
0.57385429
0.08029169
0.21708248
0.81993432
0.32273683
0.79774481
0.46725883
0.89142158
0.63233664
0.69398719
0.78432432
0.82537413
0.81749998
0.81731969
0.49018533
0.76601825
0.78544139
0.60961971
0.21951133
0.85109293
0.49193543
0.648473
0.44565581
0.65097338
0.94712636
0.45832196
0.82350729
0.60915368
0.35751908
0.24719682
0.36129742
0.80851849
0.82290953
0.29217388
0.37794999
0.78414614
0.53931639
0.92440681
0.64788695
0.26570822
0.88239761
0.53573654
0.6133275
0.1899222
0.8406776
0.3748105
0.63156095
0.87967553
0.81351134
0.78867713
0.45448855
0.84961222
0.37318184
0.58586206
0.9487991
0.76651075
0.92550619
0.27157098
0.41422727
0.43691046
0.55603241
0.91054953
0.84502438
0.72982864
0.66003942
0.39136679
0.49863226
0.69491426
0.92414613
0.90620304
0.77684382
0.54863955
0.40223599
0.79160431
0.7923842
0.74908732
0.8443823
0.23870538
0.68586024
0.76512706
0.70368854
0.69592845
0.79867614
0.91290439
0.72753382
0.70919393
0.74202889
0.92211177
0.82025257
0.30547827
0.7919125
0.69272842
0.85213087
0.80787141
0.86778972
0.29549681
0.25773778
0.49791866
0.95479077
0.741954
0.62151046
0.37190402
0.57697857
0.53705674
0.87758651
0.85284765
0.24310601
0.34793239
0.63556123
0.91139366
0.71269608
0.31784444
0.85926021
0.79262583
0.50161675
0.8054807
0.90066296
0.8281049
0.74341472
0.86338167
0.49723529
0.49404162
0.85027679
0.87602863
0.44208963
0.79409988
0.86404399
0.66725103
0.59799294
0.47841302
0.83787377
0.35697404
0.71319668
0.77263321
0.72520061
0.44939388
0.49255553
0.71626569
0.4527509
0.84851457
0.86225241
0.94062601
0.97123739
0.76488143
0.894874
0.69391293
0.77614056
0.51150502
0.87677855
0.76885666
0.23716876
0.37764766
0.73001259
0.78432432
0.40218913
0.11407376
0.47793869
0.93270374
0.41484763
0.67953409
0.88216998
0.84728641
0.89156907
0.79614708
0.28391071
0.19888206
0.27213356
0.75860585
0.38838779
0.40356689
0.32847111
0.38468803
0.71964265
0.5785389
0.49882283
0.815718
0.27654735
0.8391625
0.46898257
0.94097228
0.56934759
0.76322802
0.31417351
0.76032284
0.1624291
0.93098471
0.44217027
0.45924802
0.74795792
0.79339564
0.69766783
0.70053185
0.71887133
0.81991223
0.83098191
0.5878386
0.78445394
0.95476724
0.87184897
0.83760706
0.61760281
0.32579491
0.82665734
0.81289751
0.57427227
0.8348634
0.70338552
0.84728641
0.68321769
0.5472457
0.6619586
0.45671629
0.85309289
0.85490174
0.72607296
0.40966315
0.67187696
0.34944944
0.76689325
0.71995766
0.6857267
0.92050316
0.46874342
0.37850152
0.537322
0.6859997
0.65954939
0.88910591
0.72523558
0.51267972
0.81116032
0.64259167
0.88165942
0.5288265
0.8543749
0.91900723
0.83643189
0.96389878
0.60526463
0.73144897
0.83895331
0.7985488
0.20704693
0.79165525
0.88273738
0.21028803
0.69868996
0.66246781
0.68262245
0.68267433
0.96162034
0.65395905
0.78637346
0.92307161
0.75605268
0.59590483
0.9379918
0.18470289
0.75564086
0.38439929
0.58201279
0.81235512
0.31947876
0.88026506
0.7838068
0.09332269
0.79293875
0.75334478
0.72256771
0.96868991
0.90279011
0.98274312
0.27689354
0.83096446
0.45054147
0.83659176
0.47753541
0.2919104
0.80597704
0.88058573
0.69725465
0.68098294
0.805484
0.71493516
0.3682802
0.81993432
0.88180277
0.80009637
0.74161567
0.66374453
0.94713292
0.7338916
0.37887482
0.70714643
0.67634996
0.61132874
0.34384597
0.956458
0.52931661
0.68867629
0.86401664
0.73127433
0.86380075
0.67156081
0.31733232
0.9032863
0.58138981
0.34838711
0.8731985
0.77989007
0.83130771
0.44512401
0.31667627
0.86942838
0.67039418
0.79354148
0.63345129
0.3006018
0.24299254
0.62467818
0.90093123
0.78750417
0.9993723
0.57396902
0.89880303
0.83540959
0.75040119
0.63610407
0.41127549
0.9993723
0.17122653
0.72680841
0.90941283
0.77559557
0.64703522
0.8761466
0.61389847
0.30924388
0.7177809
0.64292184
0.85944313
0.74731719
0.84117024
0.85898811
0.90527589
0.63258549
0.31531663
0.55327046
0.7379674
0.34966103
0.98772859
0.73217669
0.77979542
0.81470193
0.76838564
0.16914455
0.84100705
0.45032714
0.24588276
0.82845392
0.69192689
0.87732945
0.8226055
0.36204087
0.79942601
0.74370768
0.29276158
0.57530334
0.64301834
0.65738038
0.94325282
0.32743165
0.61617693
0.67672811
0.47763579
0.64492578
0.83428546
0.22820848
0.87547955
0.83735027
0.3925766
0.44896993
0.59395366
0.86560842
0.36041347
0.96188932
0.31586565
0.81516838
0.8282186
0.54978719
0.47854621
0.80299154
0.85201951
0.39549144
0.88284389
0.68094519
0.75123062
0.88325529
0.27364483
0.6519459
0.5560658
0.83019488
0.59774137
0.90701197
0.85894437
0.90127375
0.40054399
0.71132526
0.6358686
0.7871705
0.93581198
0.87129767
0.92389606
0.68048968
0.73697089
0.76134262
0.67136661
0.79594347
0.91797753
0.9993723
0.68867629
0.88180277
0.94947012
0.85714679
0.73350442
0.47132001
0.70078884
0.7690777
0.38940659
0.79617129
0.9993723
0.70584913
0.67699391
0.87000109
0.70256088
0.78657438
0.93920409
0.74726486
0.64035726
0.579609
0.67415667
0.75424717
0.36529986
0.75203857
0.19675622
0.45288045
0.62790895
0.8489882
0.96360774
0.733853
0.96423279
0.82305701
0.80825379
0.42111669
0.27938977
0.63911423
0.75898256
0.46686773
0.55017111
0.51736419
0.97954162
0.682254
0.82587875
0.21056845
0.7526481
0.58915714
0.90253647
0.26113424
0.84728641
0.3877411
0.66724035
0.53627999
0.78912204
0.94712636
0.69647681
0.72249841
0.75133749
0.22785263
0.58565964
0.44788632
0.76205352
0.77241696
0.8788306
0.77014245
0.4761013
0.56121803
0.18064283
0.42574257
0.38145391
0.84816015
0.62014967
0.75002008
0.76836973
0.72192396
0.39573271
0.82164303
0.29744575
0.7436444
0.26019565
0.56609292
0.61667117
0.92482386
0.7570629
0.98033872
0.63566062
0.88850943
0.64309446
0.67423819
0.33301566
0.73697089
0.50569546
0.76151694
0.61485347
0.87504235
0.52973688
0.61056189
0.72389113
0.9993723
0.79412045
0.83571044
0.48625045
0.81183596
0.80458494
0.8869045
0.87225148
0.78094568
0.5329893
0.2660194
0.79327446
0.88520326
0.25728525
0.81845633
0.73283368
0.35918821
0.91674185
0.82167032
0.44143697
0.72072678
0.76527266
0.61048834
0.74258296
0.58881034
0.6669046
0.7041601
0.78152907
0.75990541
0.69955417
0.51318863
0.51895496
0.86772948
0.93842378
0.74859645
0.84445254
0.68709162
0.93542795
0.75471433
0.60926334
0.73555504
0.30218693
0.28853141
0.97891877
0.7900928
0.48230786
0.76165029
0.96662599
0.88050013
0.90720386
0.65654968
0.63445876
0.87899883
0.33025043
0.64370103
0.51312543
0.75425093
0.86642689
0.67910249
0.83028785
0.82039679
0.88353702
0.68549305
0.76943679
0.74485203
0.87749199
0.78675821
0.32489196
0.54027433
0.62690374
0.85193857
0.84319476
0.72552434
0.83240858
0.74147063
0.50197431
0.96334767
0.57237885
0.59993898
0.34797813
0.79306434
0.85923738
0.8189818
0.49870114
0.80798996
0.91669645
0.952065
0.14810301
0.41456064
0.90088212
0.79367516
0.88367562
0.69000436
0.79418123
0.68232855
0.69231785
0.46492779
0.34049549
0.96426565
0.98784589
0.52490139
0.84443004
0.1998053
0.78827118
0.59321208
0.26521751
0.82025922
0.90413321
0.57432115
0.18624689
0.31556117
0.79238284
0.72710603
0.82722876
0.60908968
0.82371725
0.71596266
0.27108401
0.54300997
0.71810218
0.72719633
0.38424011
0.21743566
0.70697384
0.89094821
0.85468954
0.77124407
0.49137192
0.6782687
0.60640584
0.68431323
0.84900463
0.82933786
0.59380878
0.46728114
0.74049856
0.80597695
0.80124343
0.84004365
0.67890368
0.92367334
0.55441162
0.83689938
0.59787231
0.77098882
0.33668793
0.65776003
0.83619901
0.44231752
0.28000467
0.76285313
0.7888844
0.53120827
0.80547901
0.80796706
0.97244357
0.89243656
0.47692135
0.80234962
0.7341541
0.26287737
0.8175842
0.82245033
0.48685276
0.27050139
0.2294016
0.83397956
0.83348404
0.28783808
0.53613169
0.68415713
0.58958719
0.71707289
0.41180098
0.90695401
0.74879413
0.53067455
0.66191988
0.63080756
0.46310777
0.81998092
0.6901665
0.79489206
0.97013521
0.94156176
0.68499374
0.45991564
0.89614506
0.64807597
0.56136065
0.92033166
0.73864592
0.44785263
0.81694554
0.71074162
0.80944407
0.82909585
0.47942069
0.74864493
0.41456802
0.84049538
0.50174384
0.75297737
0.77419868
0.19775619
0.26245678
0.84325788
0.55615234
0.63802571
0.76321875
0.48030364
0.79466633
0.7034771
0.20214595
0.82662528
0.76953256
0.55992108
0.7100944
0.81279547
0.73024837
0.79379613
0.95263127
0.8506661
0.67972332
0.7590171
0.81662328
0.80119905
0.75990541
0.35887567
0.75015921
0.94430301
0.96658629
0.71933661
0.32705105
0.4026361
0.20287329
0.69133134
0.90740087
0.50448794
0.57740319
0.852162
0.73588202
0.55182807
0.4563277
0.78803522
0.73697089
0.72470826
0.29745563
0.77098882
0.86115671
0.9039395
0.43197991
0.93226762
0.70846
0.55871882
0.83638625
0.85136992
0.93560147
0.47028345
0.17469151
0.38401897
0.37585418
0.66902014
0.71799036
0.66229117
0.80585092
0.71611413
0.49947362
0.39150191
0.64350636
0.86981545
0.29413337
0.68911015
0.72056936
0.60744169
0.65259892
0.70919393
0.51736419
0.90748912
0.44094948
0.84927838
0.89764352
0.37957094
0.84236956
0.82121419
0.81757043
0.6047765
0.93406386
0.89309902
0.60493644
0.22844601
0.75246727
0.78463273
0.53708313
0.13499419
0.71167639
0.68760644
0.54133527
0.25347962
0.91627927
0.53333719
0.43462256
0.78233846
0.79165525
0.57820867
0.75517961
0.45321401
0.90527589
0.72209952
0.91248642
0.43733923
0.82347247
0.9487991
0.63027124
0.82693225
0.65456522
0.64859969
0.85190576
0.95018652
0.54999013
0.91357393
0.65869521
0.17772219
0.79829562
0.50811598
0.8652757
0.78432432
0.96435838
0.76189545
0.93315553
0.24234486
0.67594893
0.63817845
0.21604592
0.75252243
0.8154405
0.84506208
0.64788695
0.63552046
0.70278577
0.78922673
0.23836918
0.89703914
0.63899112
0.80642465
0.03688282
0.2669361
0.7137196
0.81043147
0.75123062
0.80133871
0.29607365
0.69982941
0.53051236
0.76669464
0.46005091
0.81513447
0.72242223
0.31193688
0.84061233
0.78866096
0.20979232
0.24010462
0.74497685
0.83966814
0.82471792
0.72965208
0.38725473
0.74017626
0.90796751
0.88835586
0.80679695
0.91169374
0.82744447
0.69917946
0.47864298
0.73917498
0.7071881
0.36156524
0.52811343
0.72542467
0.87225148
0.70919393
0.7006104
0.403216
0.2166173
0.77276504
0.62133262
0.56784211
0.9993723
0.86660697
0.3527374
0.3310131
0.7315515
0.67404799
0.58445305
0.7649868
0.68751259
0.68657661
0.43695765
0.95568323
0.50885415
0.56452304
0.82193788
0.53071065
0.65600696
0.71220558
0.54940858
0.1502424
0.93254673
0.83218071
0.77098882
0.69725525
0.77532909
0.8148602
0.88276149
0.43294798
0.61283927
0.83771666
0.32393132
0.75838335
0.40893175
0.6752192
0.89446471
0.34040264
0.97277012
0.37241136
0.38995101
0.16594586
0.30787118
0.3502142
0.98355083
0.76708893
0.7431718
0.89985068
0.74733979
0.75000625
0.8249231
0.52831718
0.7086577
0.451134
0.95213519
0.72387224
0.69707518
0.87435202
0.39346353
0.82711226
0.33201251
0.9706014
0.83735027
0.7923657
0.95306558
0.63301857
0.9487991
0.50668224
0.58914398
0.80481092
0.49580597
0.42375635
0.77615788
0.79685321
0.81116032
0.33032604
0.48049712
0.90740087
0.72034582
0.79141456
0.7348146
0.84951845
0.9445186
0.46688905
0.29220128
0.87971547
0.45225796
0.64873447
0.81459798
0.5491358
0.80991212
0.69595199
0.21363579
0.36584217
0.84364902
0.55252897
0.45160174
0.6881532
0.72799105
0.84800256
0.42823003
0.72941752
0.55798595
0.30332778
0.89847613
0.75436685
0.6330584
0.8030967
0.81993432
0.75602986
0.47324752
0.7713497
0.66761037
0.79572193
0.62096091
0.95554773
0.3993174
0.45841805
0.72253674
0.80872203
0.41240709
0.79506567
0.48536213
0.68125294
0.69229381
0.58535904
0.56232227
0.69595199
0.79776764
0.36626823
0.80355454
0.77831319
0.79304299
0.59039578
0.23350064
0.37934443
0.3855788
0.42446895
0.83423744
0.80133871
0.50808822
0.3788437
0.38267751
0.42968143
0.76708297
0.58268996
0.7730974
0.08990704
0.60394598
0.70007071
0.3974632
0.77512763
0.68738225
0.82317498
0.75678471
0.5022103
0.33642224
0.6473321
0.73501605
0.63284534
0.63302825
0.70877265
0.9487991
0.74395642
0.68748986
0.25229639
0.47298823
0.52534102
0.81241175
0.39902786
0.96656915
0.81365868
0.39146119
0.48412277
0.90668257
0.5942715
0.89752152
0.61606736
0.9209936
0.23892052
0.11420871
0.82247065
0.62971361
0.27740192
0.53388765
0.83735027
0.82775237
0.74492939
0.56907196
0.59453892
0.55202257
0.72034016
0.65395905
0.8349937
0.65861393
0.74878898
0.70651666
0.83772381
0.7610586
0.61423979
0.58658867
0.79632192
0.73445247
0.75817535
0.68784814
0.7482469
0.87849871
0.84613512
0.29420916
0.63293595
0.14681689
0.4096924
0.39778635
0.90895912
0.18326554
0.84229033
0.74184782
0.71698422
0.72707698
0.88360728
-0.006739
0.6829059
0.65009111
0.67609874
0.83077045
0.89279882
0.76278162
0.65505069
0.72112649
0.81568654
0.8898338
0.86401455
0.85390665
0.81160151
0.7713497
0.44172404
0.67082103
0.74377083
0.60778101
0.92124168
0.67379209
0.65410259
0.43081239
0.71669788
0.46317389
0.51414763
0.67292289
0.72054492
0.75523466
0.80358322
0.56990087
0.79837659
0.58515463
0.7959306
0.95774606
0.80650141
0.93729357
0.78271113
0.72112856
0.86454751
0.73392334
0.80928762
0.32121406
0.69129518
0.41743513
0.70401382
0.66475866
0.80304475
0.88180277
0.6034955
0.85832464
0.52471021
0.71669565
0.94563177
0.8454336
0.92455297
0.82142846
0.77670442
0.74318325
0.81648177
0.83239382
1.0
0.36834032
0.75401507
0.97864906
0.79570292
0.80922939
0.90432779
0.70838822
0.38938528
0.9487991
0.4189825
0.72982864
0.47070724
0.51981247
0.73076447
0.75245919
0.97287216
0.74310045
0.38981585
0.52863826
0.63208871
0.94583233
0.25356252
0.53757134
0.50496317
0.18786042
0.90808831
0.33785684
0.94237043
